DAV1H9U 1926    74    69   117   123
DAV1H9U 1930   106    99    58    36    54    70    63    84   145   168
DAV1H9U 1940   271   135   171    79    63    67    87    86    33    58
DAV1H9U 1950    75    97    78    84    61    30    45    45    71    82
DAV1H9U 1960    67   121   129    99   122    74    98   114   125   109
DAV1H9U 1970   115    50   142   156    43   105    66    57    37    79
DAV1H9U 1980    23    82    62    42    90    68    93   134    93    26
DAV1H9U 1990    35    18    24    58    41    22    36    24    66    23
DAV1H9U 2000    48    65    75    37    28    69    50    17    76    35
DAV1H9U 2010    61    66    44    51    17    16   999
DAV1L5S 1962   489   272   280   305   228   380   346   274
DAV1L5S 1970   243   145   300   420   160   272   317   385   149   390
DAV1L5S 1980   163   336   370    98   239   452   376   449   238   256
DAV1L5S 1990   203   231   400   408   128   150    66    76   235    50
DAV1L5S 2000   163   127   122    71    77   234   276   123   297   157
DAV1L5S 2010   172   275   148   138   109   307   999
DAV1L5U 1950   246   226   211    66   302   477   340    57   343   364
DAV1L5U 1960   156   174   132   158   172   126   143   296   310   285
DAV1L5U 1970   218   155   282   372   152   316   366   352   140   344
DAV1L5U 1980   147   343   333   178   263   238   319   234   212   166
DAV1L5U 1990   197   282   265   119    87    49    48    55   191    40
DAV1L5U 2000   117    74    55    34   121   134   203    81   189    87
DAV1L5U 2010   125   114   119    93    68   153   999
DAV2H1U 1935    81    82   103   104   168
DAV2H1U 1940   178   343   195   153   100   153    45   136    42    69
DAV2H1U 1950    93   118    83   124    95    41    49    87   134   164
DAV2H1U 1960    94   208   126    80   146    71   115   122   160   140
DAV2H1U 1970    94    30    80   196    44   187   134   138    39   193
DAV2H1U 1980    90   256   203    67   136   140   109   272   178   114
DAV2H1U 1990   110   153   280    98    50    48    34   103    24    35
DAV2H1U 2000    26    22    22    41   100   131    83   406   147   198
DAV2H1U 2010   252    34    55    85    71   286   999
DAV2H5U 1946    91   131    57    62
DAV2H5U 1950    96    86    67   111    37    86    89   118   236   259
DAV2H5U 1960   183   238   159   140   135    77    94   104   130   185
DAV2H5U 1970   119    43   119    81    36    21    34   131   100   123
DAV2H5U 1980    59    51   195   197   123   174   171   155   248   121
DAV2H5U 1990    76    76    91    61    51    32    61    30    97    17
DAV2H5U 2000    51    45    97    53    57   167   127    24   116    28
DAV2H5U 2010    36    74    47    95    36    35   999
DAV2H7S 1912   247   167    92    95    99   206   260   244
DAV2H7S 1920   192   191   197   146   168   112   161   137   196   128
DAV2H7S 1930    96   107    58    49   102   154   153   151   158   318
DAV2H7S 1940   158    68   214   114    83    43   117   119    97    92
DAV2H7S 1950   130   172   104   136    76    62   117   115   203   244
DAV2H7S 1960   174   356   174    79    99    56   134   161   185   176
DAV2H7S 1970   142    32   161   254    44   123    83   138    53   206
DAV2H7S 1980   138   340   487   226   338   235   258   373   207   150
DAV2H7S 1990   144   148   243   222    63    74    44   104    31    67
DAV2H7S 2000    52    43    37    40    45    77   110    52   245   147
DAV2H7S 2010   126   220    64   205    62   164   999
DAV1H1S 1941   232   176   119    74   125   144   120   148   142
DAV1H1S 1950   113    58    75    52    33    55    73   126   140   123
DAV1H1S 1960   178   159    99   130    86   137   158   123   139   138
DAV1H1S 1970    63   141   117    41    33   163   127   147    58    64
DAV1H1S 1980    60   177   243   165   198   166   189   228   142   138
DAV1H1S 1990   150   149   162   169    66    89    49    42   219    57
DAV1H1S 2000   114    72   101    60    74   137   171    74   268    99
DAV1H1S 2010    90   169    47   140   109   200   999
DAV1H1U 1928   173   145
DAV1H1U 1930    88    90    43    38    39    73    65    64    81   181
DAV1H1U 1940    84   170   131   105    60   115   121    87   140   136
DAV1H1U 1950   128    86    67    83    47    73    98   109   143   116
DAV1H1U 1960   138   129    95   111    45   117   110   102    98    89
DAV1H1U 1970    47   113   119    30    30   112    72    78    28    40
DAV1H1U 1980    42   114   151   102   142   121   155   227   119   121
DAV1H1U 1990   123   144   110   112    68    72    42    32   195    42
DAV1H1U 2000    80    64   104    64    59   121   180    80   242    76
DAV1H1U 2010    89   123    36   108    66   184   999
DAV1H3S 1970   115    49    44    75    71    56    87    75    71    39
DAV1H3S 1980    39   158   198    87   146   192   178   275   153    64
DAV1H3S 1990    88   146   206    93    28    50    24   146    34    92
DAV1H3S 2000    60    54    41    53   102   131    55   228    80    72
DAV1H3S 2010   124    27    43   106    63   233   999
DAV1H9S 1922   228   212   295   314   138   108   167   142
DAV1H9S 1930   191   157   151    70   125   142   151   113   169   167
DAV1H9S 1940   258   141   150   125    80    88   110   119    49   118
DAV1H9S 1950   101   161   130   160   106    62    71    53   111   157
DAV1H9S 1960   146   216   169   137   180    88   133   199   170   204
DAV1H9S 1970   181    52   145   189    66   209   105   111    45   153
DAV1H9S 1980    69   114   121    70    91   102   138   150   121    59
DAV1H9S 1990    72    89   110    53    23    41    40   113    36    66
DAV1H9S 2000   155    61    57    68    44    97    78    55   178    80
DAV1H9S 2010   136   136    68    96    24    43   999
AV1L1Se 1964   215   201   262   354   351   430
AV1L1Se 1970   263   200   452   476   170   341   263   398   183   506
AV1L1Se 1980   151   525   323   203   437   451   441   474   269   200
AV1L1Se 1990   237   307   451   347   123    40   100   119   311    55
AV1L1Se 2000   260   188   165    78   110   277   220   134   521   159
AV1L1Se 2010   207   233   152   180    55   280   999
AV1L1Ue 1971   245   482   408   192   428   343   452   171   434
AV1L1Ue 1980   171   534   313   204   369   300   369   468   283   205
AV1L1Ue 1990   230   422   506   356   127    62   104   140   377    78
AV1L1Ue 2000   289   182   207    98   119   294   306   189   600   180
AV1L1Ue 2010   252   227   144   183    61   231   999
AV2H9Se 1917   241   413   384
AV2H9Se 1920   394   245   290   242   294   325   164   215   255   185
AV2H9Se 1930   130   131   129    69    79   152   275   107   142   191
AV2H9Se 1940   248   413   271   220   105   168    87   127    74   106
AV2H9Se 1950   127   116   115    89    89    41    53    81   114   150
AV2H9Se 1960   108   261   182   161   112    42    30    42    45   110
AV2H9Se 1970   172    40   123   119    42   110    64    52    22    36
AV2H9Se 1980    55   104    97    78   134   130   108   219   138   126
AV2H9Se 1990    77   124   251   226    91   126    60   108    38    39
AV2H9Se 2000    53    40    32    47    45   117   125    68   223    55
AV2H9Se 2010    76   191    66    58    30    88   999
AV2H9Ue 1922   283   256   223   343   347   228   155   215
AV2H9Ue 1930   171   178   158   140    57   115   199   182    61   327
AV2H9Ue 1940   236   219   443   301   254    97    87    62    84   148
AV2H9Ue 1950   125   131   145   149   126   131    79    45    50    78
AV2H9Ue 1960   133   157    92   243   158   165   111    62    54    41
AV2H9Ue 1970    28    84   139   106    45    93   117   125    66    75
AV2H9Ue 1980    90   137   112    74   135   141   158   271   131   130
AV2H9Ue 1990   119   172   283   232    51    36   111    77   190    34
AV2H9Ue 2000    80    71   109    64    62   150   163    73   271    32
AV2H9Ue 2010    43   133    30    80    60   129   999
