GIL2H1S 1934   262   173   261   201   174   193
GIL2H1S 1940   153   258   235   132   218   147   158   104    76   124
GIL2H1S 1950    97    73    53   103    72    70   101    77   102   115
GIL2H1S 1960   155    62   130   113    71    81    77    38   117   133
GIL2H1S 1970   102    32    88   147    54   155   155   103    75   138
GIL2H1S 1980    88    73    79    96    71   101   134    98   107    68
GIL2H1S 1990    64    93   121    87    53    59    30    72    66    53
GIL2H1S 2000    47    34    17    45    61    62    25    87   132   131
GIL2H1S 2010   125    40    85    47    98   183   999
GIL2H1U 1927   123   184   207
GIL2H1U 1930   222   305   238   177   182   119   166   166    93   117
GIL2H1U 1940   121   177   179   121   145   129    96    62    45    92
GIL2H1U 1950   108    53    58    66    55    49    62    59    95    89
GIL2H1U 1960    75    51   115   177   102    85    70    38    74    89
GIL2H1U 1970    91    38    96    83    42   108    74    76    68   121
GIL2H1U 1980    79    70    66    78    70    83   108   110   116    68
GIL2H1U 1990    72    74   100    53    64    68    21    61    61    53
GIL2H1U 2000    52    42     9    46    66    48    17    91    93   130
GIL2H1U 2010   106    36    93    34    76   152   999
GIL2H3S 1951   225   412   341   309   361   147   169   238   338
GIL2H3S 1960   331   287   456   336   212   222   284   155   173   142
GIL2H3S 1970   154    87   187   179   132   182   130    90   106   162
GIL2H3S 1980   166   187   139   218   150   175   162   144   167    82
GIL2H3S 1990    83   130   155    96    53    79    35    75    50    64
GIL2H3S 2000    54    46    37    66    64    91    24   108    83    82
GIL2H3S 2010   107    16    56    23    63    72   999
GIL2H5S 1950   115    76    30    97    74    52    37    52    68    76
GIL2H5S 1960    89   100   127   149   125   165   187   144   168   143
GIL2H5S 1970   191    76   170   133    61   206   102   144   132   146
GIL2H5S 1980    96   123    93   115   102   149   219   168   202   142
GIL2H5S 1990    47   137   180   157   140   200   102   229   187   183
GIL2H5S 2000   133   132    41   118   113   122    73   239   145   123
GIL2H5S 2010   162    32   228   119   136   251   999
GIL2H5U 1959    98
GIL2H5U 1960    94   105   152   145   116   157   216   163   166   128
GIL2H5U 1970   180    66   173   145    45   185    94   135   107   159
GIL2H5U 1980    88    96   111   121   103   107   132   141   184   103
GIL2H5U 1990    49   157   212   138    83   150   102   185   157   180
GIL2H5U 2000    93   104    25    93    91    98    55   214   130   106
GIL2H5U 2010   157    40   110    47    96   172   999
GIL5H5S 1962   166   192   126   146   159   190   193   197
GIL5H5S 1970   168   145   140   140   128   139   175   201   123   116
GIL5H5S 1980    78   138    98   131   166   136   179   159   217   113
GIL5H5S 1990   113   165   231   110   123   103    38   140   252   311
GIL5H5S 2000   183   375   155   299   263   231   178   398   315   302
GIL5H5S 2010   312   187   253   317   113   357   999
GIL5H5U 1959    70
GIL5H5U 1960    66   178   135   205   142   117   242   237   191   182
GIL5H5U 1970   198   145   121   134   138   148   158   148    95   126
GIL5H5U 1980    81   124   101   101   121   144   169   137   147   125
GIL5H5U 1990   126   148   192    97    85    90    56   157   218   251
GIL5H5U 2000   222   367   132   307   269   257   140   318   245   269
GIL5H5U 2010   338   142   191   161    93   292   999
GIL2L3U 1927   155   196   246
GIL2L3U 1930   226   342   168   139   190   168   158   137   202   247
GIL2L3U 1940   152   148   168   189   121    91   133   170   130    78
GIL2L3U 1950   267   170   140   174    66   131   207   183   191   114
GIL2L3U 1960   136   102   199   148   157   129    74    60   130   112
GIL2L3U 1970   118    43   155   125    45   200   146   123   151   227
GIL2L3U 1980   198   114    99   136   111   108   196   188   211   144
GIL2L3U 1990   149   147   191   137    65   116    41   113   182   169
GIL2L3U 2000    91    96    40    87    85    86    32   129    89    69
GIL2L3U 2010    69    38    90    54    79   148   999
GIL2L5S 1978   244   322
GIL2L5S 1980   250   197   244   185   185   265   305   223   231   215
GIL2L5S 1990   223   234   247   183   132   227   134   240   257   233
GIL2L5S 2000   139   214    80   127   198   149   112   202   248   179
GIL2L5S 2010   224   149   227   118   186   289   999
GIL2L5U 1982   258   227   228   314   362   237   246   179
GIL2L5U 1990   188   233   238   254   172   208   128   227   276   271
GIL2L5U 2000   159   261   114   183   189   176    89   278   274   265
GIL2L5U 2010   284   156   294   157   174   186   999
GIL2L7S 1941    84    35    21    39    65    54   110    98    81
GIL2L7S 1950    71    37    83    41    57   134   132   171   259   251
GIL2L7S 1960   229   113   185   189   236   298   333   327   341   338
GIL2L7S 1970   322   180   245   142    84   203   172   200   245   282
GIL2L7S 1980   271   256   213   245   218   270   298   198   159   157
GIL2L7S 1990    77   187   225   274   119   208    74   113   110   159
GIL2L7S 2000   153   181    72    96   113   140    36   136   136   144
GIL2L7S 2010   227   131   155   999
GIL4H3U 1960   113   126   206   183   219   243   200   162   150   127
GIL4H3U 1970   141   102   117   131    77    87    62   102    62   117
GIL4H3U 1980    57    94    79   123    86   137   171   145   148    60
GIL4H3U 1990    90    92   107    96    52    30    23    34    48    81
GIL4H3U 2000    13    22    22    28    22    32    30    51    35    36
GIL4H3U 2010    32    34    32    35    23    66   999
GIL5H1S 1934   161   150   173   231   266   207
GIL5H1S 1940   236   214   268   169    72    47   162   130   118   130
GIL5H1S 1950   188    79    53    84   123    36    38   136   134   162
GIL5H1S 1960   120    87   189   146   123   180   127    93   144   127
GIL5H1S 1970   119    49    81   108    40    78   104    83    87   133
GIL5H1S 1980    76    57    74   129   131   125   123   151   140   167
GIL5H1S 1990    79   125   106   125    68    49    83    53   106   111
GIL5H1S 2000    89    75    40    64    57    55    40   102    59    56
GIL5H1S 2010    53    38    46    32    19    45   999
GIL5H1U 1932   101   138   142   123    82   242   275   177
GIL5H1U 1940   208   193   230   147    66    45   168   128   122   132
GIL5H1U 1950   201    83    55    62   133    39    55   169   159   138
GIL5H1U 1960   135   157   212   167   140   229   140   132   167   136
GIL5H1U 1970   123    51   108   127    64   133   165   108   112   161
GIL5H1U 1980    89    59    81    97   134   135   129   165   172   227
GIL5H1U 1990    76   142   125   140    72    51    85    62   144   174
GIL5H1U 2000   114   133    44    68    83    55    38    93   100    66
GIL5H1U 2010    87    36    55    61    42    57   999
GIL5H7U 1976    35    47    40    42
GIL5H7U 1980    28    52    36    54    59    63    75    54    75    42
GIL5H7U 1990    22    56    74    54    92    98   100   141   181   277
GIL5H7U 2000   203   213   256   244   189   183   190   257   288   301
GIL5H7U 2010   264   179   127   179   118   223   999

