SAC3H3S 1984   460   288   317   220   345   165
SAC3H3S 1990   267   311   375   283   264   240   280   381   297   341
SAC3H3S 2000   265   316   255   225   300   267   275   452   265   312
SAC3H3S 2010   303   209   283   328   296   440   999
SAC3H3U 1987   321   413   195
SAC3H3U 1990   314   345   331   268   273   277   319   400   310   391
SAC3H3U 2000   233   331   285   295   366   329   295   495   330   385
SAC3H3U 2010   399   245   356   400   365   545   999
SAC3L3S 1956   273   358   363   256
SAC3L3S 1960   282   318   281   242   201   251   315   284   356   278
SAC3L3S 1970   245   109   166   175    90   159   153   134   108   113
SAC3L3S 1980    90   137   121    97   125   135   105    74    78    52
SAC3L3S 1990    70    78    74    52    76    82    60    94   117    88
SAC3L3S 2000    64    57    32    46    39    52    42    81    76   162
SAC3L3S 2010   232   201   291   247   347   513   999
SAC3L3U 1949   446
SAC3L3U 1950   463   454   565   388   233   326   207   308   321   225
SAC3L3U 1960   284   280   250   184   188   229   174   161   222   203
SAC3L3U 1970   155    57   136   180    66   159   144    80    91   112
SAC3L3U 1980   100   114   102    87   129   129   125    80    91    42
SAC3L3U 1990    78    85    76    59    61    40    32    61    70    72
SAC3L3U 2000    53    72    25    59    42    53    36   131   125   218
SAC3L3U 2010   199   152   286   288   324   479   999
SAC3H1S 1986   375   302   370   165
SAC3H1S 1990   236   294   352   303   332   193   256   390   282   356
SAC3H1S 2000   244   257    81    85   101   122   125   394   189   255
SAC3H1S 2010   187    76   137   142   137   237   999
SAC3H1U 1985   199   376   337   475   219
SAC3H1U 1990   358   362   419   387   377   278   343   397   348   421
SAC3H1U 2000   259   281   131   133   177   180   172   481   315   440
SAC3H1U 2010   246   124   180   206   227   325   999
SAC3H5S 1985   392   530   420   352   231
SAC3H5S 1990   445   514   546   490   502   390   278   423   401   539
SAC3H5S 2000   304   406   218   267   298   294   191   539   364   453
SAC3H5S 2010   367   224   198   164   357   337   999
SAC3H5U 1973   227   175   232   225   263   254   353
SAC3H5U 1980   305   388   347   336   417   407   542   442   475   231
SAC3H5U 1990   321   404   444   563   561   440   315   617   482   627
SAC3H5U 2000   432   447   238   254   227   265   227   496   487   630
SAC3H5U 2010   506   394   359   315   535   524   999
SAC3H7S 1998   261   372
SAC3H7S 2000   274   273   317   341   338   323   327   506   328   480
SAC3H7S 2010   521   320   442   392   419   593   999
SAC3H9S 1913   258   273   268   268   348   284   316
SAC3H9S 1920   253   181   147   231   206   114   213   209   207   220
SAC3H9S 1930   192   137   250   267    25   134   245   204   205   171
SAC3H9S 1940   268   250   145   224   151   146   115   132   193   191
SAC3H9S 1950   171   167   172   159    70   172   104   161   197   203
SAC3H9S 1960   201   195   144   165   174   146   138   138   144   146
SAC3H9S 1970   159    72    76    64    30    89    97    78   102   197
SAC3H9S 1980   123   231   172   157   216   182   225   125   231   140
SAC3H9S 1990   171   155   152   177   146   148   113   171   167   189
SAC3H9S 2000    91   114    54    95   104    98   104   159   110   134
SAC3H9S 2010    97    33    59    42    66    92   999
SAC3H9U 1933   274    51   183   276   212   223   237
SAC3H9U 1940   312   279   190   280   154   178   154   208   223   227
SAC3H9U 1950   174   170   222   235   133   211   118   145   206   192
SAC3H9U 1960   239   190   164   151   162   177   213   171   196   206
SAC3H9U 1970   159    24    72    62    19    36    81   142   122   151
SAC3H9U 1980    98   141   157   149   155   147   188   142   157   140
SAC3H9U 1990   148   155   204   234   254   171   117   275   241   320
SAC3H9U 2000   157   212    94   158   182   167   134   235   157   231
SAC3H9U 2010   201   129   146   138   108   142   999
SAC3L1S 1900    75    94    78    66    62   110    50    68   100   126
SAC3L1S 1910   121   258   221   241   345   149   144   204   260   319
SAC3L1S 1920   292   232   177   251   199   127   249   160   104   128
SAC3L1S 1930   142   231   314   301   121   209   230   273   262   208
SAC3L1S 1940   142   145   172   283   186   155   243   240   320   286
SAC3L1S 1950   237   205   261   234    77   133   117   179   224   222
SAC3L1S 1960   269   283   235   224   175   198   160   174   152   182
SAC3L1S 1970   235   188   192   264   200   340   247   205   155   271
SAC3L1S 1980   219   333   245   192   182   139   186   130   155   113
SAC3L1S 1990   138   132   158   178   162   170   137   140   143   169
SAC3L1S 2000   132   105    85    93    88    83    72    80    68    84
SAC3L1S 2010    64    51    49    53    68    47   999
SAC4H1S 1929   263
SAC4H1S 1930   335   332   499   379   170   563   644   560   649   410
SAC4H1S 1940   675   676   360   708   378   239   450   289   364   466
SAC4H1S 1950   527   404   654   476   184   451   196   328   465   466
SAC4H1S 1960   441   300   320   262   289   292   282   211   254   256
SAC4H1S 1970   326   184   410   356   149   263   268   221   247   408
SAC4H1S 1980   212   364   307   322   358   275   360   236   268   126
SAC4H1S 1990   231   195   194   222   123   181   151   285   166   285
SAC4H1S 2000   189   208   109   177   229   213   134    52    34    70
SAC4H1S 2010   117    58    76    74   110   167   999
SAC3L5S 1944   319   314   423   452   539   491
SAC3L5S 1950   535   420   431   397   240   390   351   446   515   448
SAC3L5S 1960   497   443   462   406   449   496   500   493   379   276
SAC3L5S 1970   208   209   173   180   189   275   208   172   211   257
SAC3L5S 1980   233   230   197   168   134   116   193   129   140   147
SAC3L5S 1990   166   171   114   117   135   141   112   152   125   125
SAC3L5S 2000   104    68    56    69    58    58    43    56    32    60
SAC3L5S 2010    45    63   108   100    63    77   999
SAC4H5S 1934   100   138   286   178   197   169
SAC4H5S 1940   212   220   138   225   154   131   216   159   237   174
SAC4H5S 1950   172   146   294   182   108   237   108   208   358   233
SAC4H5S 1960   216   150   155   127   163   241   191   112   116   178
SAC4H5S 1970   133    72   144   150    51   178   237   121   108   174
SAC4H5S 1980    91   199   151   125   187   129   138    78   116    68
SAC4H5S 1990   117   144   180   165    91   163   116   151   152   259
SAC4H5S 2000   178   117    85   104   127    81    87   150   126   191
SAC4H5S 2010   151   119   159   151   152   138   999
SAC4H5U 1942   160   278   146   106   189   187   265   236
SAC4H5U 1950   231   144   256   175    99   222   102   121   197   180
SAC4H5U 1960   194   125   151    90   180   197   302   139   187   115
SAC4H5U 1970    61   100   144    47    19   139   198    97    88   135
SAC4H5U 1980    80   147    96   106   135   103   122    59   111    69
SAC4H5U 1990    79   107   132   103    69   129   115   183   149   226
SAC4H5U 2000   199   121   127   103   109    99    83   168   170   218
SAC4H5U 2010   261   164   197   170   184   192   999
SAC3L9S 1956   148   199   229   158
SAC3L9S 1960   231   199   173   164   175   189   186   239   273   265
SAC3L9S 1970   226   243   185   239   161   204   266   248   240   284
SAC3L9S 1980   176   372   454   295   297   255   266   195   204   127
SAC3L9S 1990   126   112   122   113    90    75    51    96    96   105
SAC3L9S 2000    51    64    38    51    32    30    34    36    30    24
SAC3L9S 2010    24    21    47    36    41    62   999
SAC4H1U 1920   391   292   243   277   396   200   410   279   281   312
SAC4H1U 1930   341   292   388   419   265   604   599   436   473   387
SAC4H1U 1940   699   623   307   501   338   250   386   277   401   455
SAC4H1U 1950   451   245   553   476   164   381   192   361   438   468
SAC4H1U 1960   397   309   324   245   294   408   322   172   253   222
SAC4H1U 1970   286   208   344   263   177   347   300   203   204   276
SAC4H1U 1980   193   369   343   285   320   250   437   213   358   148
SAC4H1U 1990   216   207   195   237   182   306   207   387   236   225
SAC4H1U 2000   214   215    86   204   166   156   128    78    21    45
SAC4H1U 2010    80    52    86    23    57   139   999
