SED1H1S 1881   117   205   235   229   262   126   152   155   116
SED1H1S 1890   140   134   113    81    32   161    59   106   177    59
SED1H1S 1900    45   144    83   125    68   104   148   210   176    95
SED1H1S 1910    95   184   159   121   187   234   126   166   146   208
SED1H1S 1920   142   131    86    77   114    62   187   169   133   111
SED1H1S 1930   162   173   161   233    96   183   117   169   149    98
SED1H1S 1940   119   193   113   127   134    96    68    98   153   131
SED1H1S 1950    59    32   138    80    59    78    70   151   150    96
SED1H1S 1960   191   142   155    83   112   204   131    75   166   178
SED1H1S 1970   183    75   114   136    49   157    91    95   106   140
SED1H1S 1980    70    93    89   157   121   131   235   155   121    40
SED1H1S 1990   108   114   142   104   125   129    44    79   147   168
SED1H1S 2000    51    47    17    49    59    49    27    51    89    91
SED1H1S 2010    63    19    49    30    13    24   999
SED1H1U 1951    40    99    57    58    66    66   121   122    81
SED1H1U 1960   131   132   117    83    98   174    96    73   146   153
SED1H1U 1970   161    91    98   119    60   185    95   108   108    89
SED1H1U 1980   102    79    82    68   126   111   115   157   105   113
SED1H1U 1990    36   102   127   173    89    96    82    37    84    87
SED1H1U 2000   112    51    43    66    40    53    22    63   106    80
SED1H1U 2010    54    13    24    25    24    24   999
SED1H3S 1898   268   183
SED1H3S 1900   128   278   126   215   108   162   230   305   236   233
SED1H3S 1910   199   278   236   220   333   287   175   244   258   308
SED1H3S 1920   194   208   116   125   130   138   179   178   136   130
SED1H3S 1930   204   177   243   271    92   136   123   145   111   110
SED1H3S 1940   128   192   139   216   175   107    86   122   142   198
SED1H3S 1950    79    38   159    72   118    41    32   102   101   106
SED1H3S 1960   233   192   245   170   205   266   113   126   199   168
SED1H3S 1970   198    91   109   206    81   164   134   134   101   145
SED1H3S 1980   145   334   215   319   238   225   329   223   240   125
SED1H3S 1990   143   197   176   216   174   161   110   169   148   212
SED1H3S 2000    93   129    30    97    79    91    43    98   157   127
SED1H3S 2010    87    83   138    79    72   183   999
SED1H3U 1908   231   194
SED1H3U 1910   183   260   201   219   347   348   242   328   278   328
SED1H3U 1920   223   224   139   130   166   142   230   226   235   251
SED1H3U 1930   302   233   290   268   101   220   183   204   174   134
SED1H3U 1940   174   298   137   222   178   140   108   183   208   216
SED1H3U 1950   122    52   186   125   141    48    62   115   155   131
SED1H3U 1960   145   235   182   208   123   173   234   171   186   146
SED1H3U 1970   223   122   109   190    66   203   103   148    97   130
SED1H3U 1980    99   221   140   272   211   154   258   143   130   116
SED1H3U 1990   107   137   175   159   130   120   124   106    90   160
SED1H3U 2000    72    81    47    78    53    76    34    80    87    76
SED1H3U 2010    49    61    66    49    21    19   999
SED1H5U 1933   109   199   208   241   225   139   185
SED1H5U 1940   238   173   237   176   107    68    36   127   265   193
SED1H5U 1950   146    62   174   134   171   104   179   301   193   107
SED1H5U 1960   191   168   160   121   157   214   152    71   205   172
SED1H5U 1970   220    99    52   163    97   236   128    95    99   106
SED1H5U 1980    88   114    47    75   143   222   201   193   129   136
SED1H5U 1990   165    94   121   191   161   132    98   128   137   178
SED1H5U 2000    98    79    35    90    84    66    30    80   109   108
SED1H5U 2010    88    54    67    54    41    30   999
SED1H7S 1971   269   191   387   248   348   310   314   290   351
SED1H7S 1980   212   281   237   364   301   363   582   288   330   150
SED1H7S 1990   253   232   343   205   265   203    96   284   193   345
SED1H7S 2000   261   214    81   183   125   140    47   177   226   190
SED1H7S 2010   156    96   121   124    79   278   999
SED1H7U 1966   132   159   343   400
SED1H7U 1970   396   235   201   360   220   322   280   301   228   294
SED1H7U 1980   213   287   219   342   283   276   492   281   298   139
SED1H7U 1990   181   232   375   219   245   274   177   252   208   322
SED1H7U 2000   177   209    66   156   141   117    38   154   146   207
SED1H7U 2010   115    69   147    87    73   239   999
SED1L1S 1980    94    83   183   240   334   337   306   204   363   266
SED1L1S 1990   253   397   356   329   223   450   173   470   533   400
SED1L1S 2000   170   234    73   244   287   362   102   293   385   337
SED1L1S 2010   273   147   151    83    75   276   999
SED1L1U 1985   362   240   134   287   174
SED1L1U 1990   195   392   445   475   429   571   299   602   580   434
SED1L1U 2000   216   335   106   270   330   445   133   268   402   392
SED1L1U 2010   354   150   252   133   108   345   999
SED1L3S 1945    49    41    48   106   153
SED1L3S 1950   146   100   212   241   201   224   202   325   193   251
SED1L3S 1960   316   250   225   178   250   372   215   146   238   201
SED1L3S 1970   262   147   165   319    94   194   154   166   155   189
SED1L3S 1980   165   187   308   376   372   347   441   289   291   116
SED1L3S 1990   203   238   211   176   134   184    73   188   144   203
SED1L3S 2000    64   145    20    85    85    83    47    91   104   153
SED1L3S 2010    70    45    30    30    34    68   999
SED1L3U 1946    56   111   195   181
SED1L3U 1950    74    56   238   262   189   238   258   370   200   225
SED1L3U 1960   284   281   221   164   263   379   233   130   242   272
SED1L3U 1970   284   166   139   231   123   287   208   200   301   313
SED1L3U 1980   233   288   169   337   373   317   380   398   398   166
SED1L3U 1990   297   278   306   225   157   195    78   169   182   256
SED1L3U 2000    76   174    53   157   113   107    54   108   178   121
SED1L3U 2010   104    66    47    38    45    72   999
SED1L5S 1939   382
SED1L5S 1940   845   711   502   701   374   348   404   436   638   593
SED1L5S 1950   284   104   373   233   216   254   294   455   428   311
SED1L5S 1960   439   286   273   178   282   424   397   210   417   419
SED1L5S 1970   301   163   225   435   229   516   246   210   313   420
SED1L5S 1980   354   321   461   488   417   453   385   422   324   140
SED1L5S 1990   203   250   344   415   251   316   142   258   309   306
SED1L5S 2000   106   168    34   105    87   111    38   110   185   115
SED1L5S 2010   247   138   161    69    38    35   999
SED1L5U 1936   507   460   522   538
SED1L5U 1940   649   706   442   653   324   267   339   529   738   537
SED1L5U 1950   261   104   319   251   206   241   315   460   371   273
SED1L5U 1960   449   349   362   250   411   411   375   205   388   453
SED1L5U 1970   473   216   419   244   476   250   224   305   264   405
SED1L5U 1980   295   364   432   226   389   367   285   325   279   134
SED1L5U 1990   191   297   401   408   226   302   118   243   270   237
SED1L5U 2000    97   195    38   125   111   133    42    85   193    99
SED1L5U 2010   186   108   147    67    17    62   999
SED1L7S 1947   443   554   541
SED1L7S 1950   408   272   488   387   375   362   360   433   325   280
SED1L7S 1960   313   283   252   189   240   315   300   154   279   318
SED1L7S 1970   263   232   238   249   205   235   188   169   206   292
SED1L7S 1980   191   218   227   297   260   255   264   262   263   191
SED1L7S 1990   214   247   339   265   195   199   123   176   144   205
SED1L7S 2000   136   129    47   126    87    94    43    77   134   100
SED1L7S 2010   113    57   116    25    28    32   999
SED1L7U 1953   373   403   377   370   392   357   289
SED1L7U 1960   357   297   315   255   277   387   323   220   312   393
SED1L7U 1970   401   277   301   266   271   343   267   271   233   275
SED1L7U 1980   254   274   261   311   321   303   412   312   298   183
SED1L7U 1990   189   213   323   276   208   216   144   176   155   234
SED1L7U 2000   123   159    51   136    82   138    43   136   151   104
SED1L7U 2010   110    57   132    42    22    30   999
SED1L9S 1950   290   123   376   239   196   202   284   302   241   175
SED1L9S 1960   240   282   251   194   250   282   221   120   255   356
SED1L9S 1970   312   165   233   275   195   237   341   269   356   361
SED1L9S 1980   284   365   384   386   448   543   566   447   434   180
SED1L9S 1990   201   275   381   313   316   347   182   280   244   331
SED1L9S 2000   129   170    36   123   121   182    55   114   195   155
SED1L9S 2010   216    59    47   197    64    32   999
SED1L9U 1951   112   347   231   170   185   240   257   216   143
SED1L9U 1960   216   214   223   159   212   282   229    93   218   356
SED1L9U 1970   413   176   140   227   213   405   284   184   265   381
SED1L9U 1980   250   393   326   325   272   341   305   280   364   208
SED1L9U 1990   242   280   356   247   200   211   138   245   213   285
SED1L9U 2000   134   212    41    98   108   126    47    87   153   110
SED1L9U 2010   164    47    45   170    36    34   999
SED2L1S 1951   312   276   575   415   447   387   484   622   422
SED2L1S 1960   433   220   332   185   384   561   557   406   693   600
SED2L1S 1970   587   349   405   514   259   486   383   292   377   456
SED2L1S 1980   479   562   601   666   371   421   418   374   453   214
SED2L1S 1990   255   476   438   282   281   485   205   398   372   461
SED2L1S 2000   168   231    75   172   154   148    92   151   211   213
SED2L1S 2010   228   116   231    67    45    38   999
SED2L1U 1955   488   549   731   533   358
SED2L1U 1960   408   313   517   305   449   485   307   267   588   531
SED2L1U 1970   508   307   445   487   241   489   351   345   339   453
SED2L1U 1980   404   470   438   571   447   635   683   549   487   254
SED2L1U 1990   292   409   449   292   272   397   169   308   306   348
SED2L1U 2000   145   206    64   154   155   215   113   276   356   310
SED2L1U 2010   258   145   290    89    61    40   999
SED2L3S 1953   198   242   272   280   251   230   171
SED2L3S 1960   236   247   272   287   360   372   256   159   257   320
SED2L3S 1970   282   176   225   251   149   276   164   205   205   202
SED2L3S 1980   116   173   147   212   176   182   248   250   172   107
SED2L3S 1990   201   212   222   163   133   126    72   141   176   126
SED2L3S 2000    98   117    33    92    65    72    30    64    82    78
SED2L3S 2010    70    42   103    41    21    21   999
SED2L3U 1942   359   479   459   319   277   360   500   602
SED2L3U 1950   435   287   465   372   396   410   663   563   440   290
SED2L3U 1960   392   455   411   339   367   438   339   239   369   375
SED2L3U 1970   282   220   224   258   220   366   254   290   258   258
SED2L3U 1980   201   252   255   289   223   226   293   234   211   102
SED2L3U 1990   145   162   210   186   180   202    89   138   144   104
SED2L3U 2000    89   110    41    83    53    52    34    62    79    64
SED2L3U 2010    58    36    68    51    17    23   999
SED2L5S 1953    21    23    11    21    40    79    68
SED2L5S 1960    82    66    91    60   134   113    64    33    61    60
SED2L5S 1970    32    21    39    76    64    80    67    47    85    83
SED2L5S 1980    73    83    86    96    89    85    99   113   107    56
SED2L5S 1990    75   111   124   130   107   132    49    98   136   129
SED2L5S 2000    34    68    32    51    53   100    44   104   251   196
SED2L5S 2010   187    64   147    36    21    19   999
SED2L5U 1960    28    34    32    49    49    36    23    25    36    56
SED2L5U 1970    60    82    73    43    86    83   133    64    85    58
SED2L5U 1980    58    66    88   134   143   131   133   119   113    58
SED2L5U 1990    61   101   117   108    72   109    58    88   107    98
SED2L5U 2000    29    37    11    32    36    47    30    41    81    90
SED2L5U 2010   135    70    82    32    19    18   999
SED2L9S 1957   316   275   141
SED2L9S 1960   295   318   252   171   282   368   243   124   285   333
SED2L9S 1970   364   177   244   221   136   267   172    98   181   211
SED2L9S 1980   220   166   144   194   325   338   416   314   308   203
SED2L9S 1990   202   329   402   249   190   260    85   179   276   309
SED2L9S 2000   163   145    45   168   115   187    23   198   205   170
SED2L9S 2010   117    70   234    34    13    30   999
SED2L9U 1958   389   138
SED2L9U 1960   266   249   216    89   237   250   202   105   217   225
SED2L9U 1970   179    97   182   220    90   179   115    83   195   254
SED2L9U 1980   194   176   192   192   211   247   302   296   345   246
SED2L9U 1990   232   274   374   272   251   285    83   194   235   285
SED2L9U 2000   132   103    24   128   104   151    28   126   108    86
SED2L9U 2010    63    53   146    30    18    18   999



