SIT1H1S 1907   213   276   296
SIT1H1S 1910   352   323   292   201   319   263   201   304   169   120
SIT1H1S 1920   225   172   204   158   205   176   127   169   172    92
SIT1H1S 1930   121   107   108   121    90   114   132   130   105    69
SIT1H1S 1940   141   119    89   119   109   109    79    99   103   103
SIT1H1S 1950    84    96   131    58    40   113    66    83   100    56
SIT1H1S 1960    77    81    68    83    55    83    32    72    79    77
SIT1H1S 1970   102    75    94    77    64    64    85    36    94   113
SIT1H1S 1980    49    60    75    77    72    77    62    51    60    77
SIT1H1S 1990   111    93    59    66    55    64    55    51    76    51
SIT1H1S 2000    66    68    38    72    55    47    42    45    27    61
SIT1H1S 2010    55    66    61    49    42    47   999
SIT1H7S 1878    40    47
SIT1H7S 1880    29    28    19    32    18    14    18    24    39    37
SIT1H7S 1890    40    22    48    39    44    40    40    20    27    29
SIT1H7S 1900    10    38    31     9    25    24    15    32    28    38
SIT1H7S 1910    48    64    63    59    58    48    24    50    53    42
SIT1H7S 1920    55    38    45    34    34    41    43    30    52    38
SIT1H7S 1930    34    34    24    33    21    32    24    26    26    26
SIT1H7S 1940    37    36    37    49    55    54    51    49    57    75
SIT1H7S 1950    26    44    68    24    21    51    32    38    40    40
SIT1H7S 1960    66    58    44    65    38    66    19    51    83    93
SIT1H7S 1970    85    85    78    53    45    70    78    36    74    72
SIT1H7S 1980    43    68   100    93    81    74    89    72   102   108
SIT1H7S 1990   131   140    74   100    76    93   111    72    96    70
SIT1H7S 2000    72    43    32    55    34    30    34    30    30    64
SIT1H7S 2010    70    57    76    58    59    57   999
SIT1H7U 1900    42    51    32    28    23    23    38    13    36    42
SIT1H7U 1910    61    95    87    80    87    72    36    83    70    70
SIT1H7U 1920    66    74    75    60    54    55    84    72   125    55
SIT1H7U 1930    90    52    49    69    37    77    37    46    54    33
SIT1H7U 1940    66    67    50    85    79    92    90    90   109   126
SIT1H7U 1950    51    77   128    49    24    98    62    55    62    49
SIT1H7U 1960    90   100    75   115    60   117    30    85   141   140
SIT1H7U 1970   120   138   144   102    74   117   132    49   123   117
SIT1H7U 1980    76   121   131   138   114   133   138   108   129   169
SIT1H7U 1990   178   210   100   123   112   136   155    91   174    85
SIT1H7U 2000   100    93    40    93    49    44    57    49    41   116
SIT1H7U 2010   106    83   127    83   106    74   999
SIT1H9S 1918    99   109
SIT1H9S 1920   199   168   195   144   137   148   121   114   139   114
SIT1H9S 1930   225   117    84   109    62    88    92    60    79    66
SIT1H9S 1940    96    90    58    81    79    71    47    83    85    64
SIT1H9S 1950    34    61   197   108    36    85    51    39    66    36
SIT1H9S 1960    57    83    62    62    51    79    26    79    93    76
SIT1H9S 1970   115   102   119    81    55    53    87    34    72    55
SIT1H9S 1980    38    62    93    87    64    89    76    55    77    70
SIT1H9S 1990    93   104    55    74    49    89    72    70    98    58
SIT1H9S 2000    68    53    43    62    49    45    51    43    25    51
SIT1H9S 2010    62    74    68    53    68    38   999
SIT1H9U 1921   166   213   142   168   152   121    92   167   122
SIT1H9U 1930   177   119    88   115    67    99    80    52    71    64
SIT1H9U 1940    83    60    44    78    83    56    56    74    74    62
SIT1H9U 1950    46    55   123    79    30    81    57    48    68    47
SIT1H9U 1960    70    70    61    93    59   100    43   104   113    96
SIT1H9U 1970    97    93   138   112    72    60    93    40    91    57
SIT1H9U 1980    47    64    76    89    62    79    87    68    92    97
SIT1H9U 1990   117   119    57    81    74    71    68    70    90    62
SIT1H9U 2000    78    57    47    68    55    40    53    39    21    68
SIT1H9U 2010    58    74    87    58    78    40   999
SIT2H7S 1936   204   282   249   217
SIT2H7S 1940   254   198   110   190   277   245   176   197   235   211
SIT2H7S 1950   162   166   248   236   113   280   281   274   238   249
SIT2H7S 1960   287   276   179   234   163   204    70   248   250   207
SIT2H7S 1970   250   230   286   266   204   187   229   110   200   191
SIT2H7S 1980   138   219   245   202   191   214   244   189   142   175
SIT2H7S 1990   230   306   182   209   169   167   122    74   113   100
SIT2H7S 2000   131   179    98   158    96   102   156    75    49   117
SIT2H7S 2010   125    94   160    80    85    48   999
SIT2H7U 1933   312   254   238   278   242   163   192
SIT2H7U 1940   176   105   156   220   183   146   156   211   166   129
SIT2H7U 1950   116   149   179   181    83   211   200   175   186   197
SIT2H7U 1960   170   178   163   193   119   163    49   123   262   135
SIT2H7U 1970   122   156   175   119    79   102   155    80   126   105
SIT2H7U 1980    88   138   126   140   110   113   113   113   134   149
SIT2H7U 1990   160   217   100   143   180   167   144   123   127   159
SIT2H7U 2000   123   134    66    91   119   115   127    81    45   119
SIT2H7U 2010    96    64    78    36    74    32   999
SIT2L3S 1937   266   294   236
SIT2L3S 1940   322   229   173   171   226   179   154   186   198   129
SIT2L3S 1950    93   112   204   115    47   157   157   148   151   110
SIT2L3S 1960   191   140   132   140    93   127    36   104   194   123
SIT2L3S 1970   187   161   202   157    83    87   195    85   125   142
SIT2L3S 1980    58   128   121   111    93   182   170   143   142   133
SIT2L3S 1990   129   148    69   125   105   120   137   119   186   109
SIT2L3S 2000   141   113    64   124    66    55    98    62    30   122
SIT2L3S 2010    79    72    68    39    53    23   999
SIT2L3U 1937   214   241   231
SIT2L3U 1940   295   216   168   182   205   201   174   186   225   163
SIT2L3U 1950    99   155   201   138    74   188   165   157   176   129
SIT2L3U 1960   193   155   153   150   121   157    53   144   226   180
SIT2L3U 1970   203   180   214   191   163    97   190   100   142   157
SIT2L3U 1980   104   155   157   180   176   256   216   178   180   167
SIT2L3U 1990   168   178    73   163   144   136   130   123   217   119
SIT2L3U 2000   161   120    75   124    58    40    84    47    30   109
SIT2L3U 2010    52    51    71    38    69    60   999
SIT2L5S 1949   269
SIT2L5S 1950   189   210   231   180   104   269   229   186   216   176
SIT2L5S 1960   106    91    91    95    72   123    64   123   176   155
SIT2L5S 1970   142   140   176   116    53    64   116    68   121   119
SIT2L5S 1980    68   148   125   119    72   146   140   129   123   127
SIT2L5S 1990   142   195    72   121   129   163   135   108   174   106
SIT2L5S 2000   168   123    64   112    68    81    81    42    25    81
SIT2L5S 2010    96    51    63    32    36    30   999
SIT2L5U 1949   262
SIT2L5U 1950   197   210   238   167   114   274   230   219   223   141
SIT2L5U 1960   100    97   105   112    72   125    60   126   138   108
SIT2L5U 1970   127   125   147   107    79    54   135    48   106   114
SIT2L5U 1980    77   101   112   118    94   172   152   104   124   111
SIT2L5U 1990   126   170    55   128   107   137   111    87   162    83
SIT2L5U 2000   115    86    44    98    81    59   113    49    36   104
SIT2L5U 2010    56    53    58    21    40    23   999



