CHI1H3D 1933   636   434   391   338   314   469   480
CHI1H3D 1940   498   510   329   384   296   348   386   349   392   400
CHI1H3D 1950   335   248   222   157   124   157   103   139   154   195
CHI1H3D 1960   186   184   237   221   203   270   235   174   130   132
CHI1H3D 1970   135   142   161   146    94   177   160   183   219   311
CHI1H3D 1980   315   328   282   241   193   265   317   235   166   210
CHI1H3D 1990   236   284   296   256   154    66   295   368   425   546
CHI1H3D 2000   405   503   266   348   409   333   324   605   404   317
CHI1H3D 2010   419   393   418   451   506   584   999
CHI1H3S 1929   641
CHI1H3S 1930   714   585   575   544   362   513   370   478   450   271
CHI1H3S 1940   280   290   256   351   390   352   306   273   286   382
CHI1H3S 1950   331   198   232   177   172   202   141   142   155   185
CHI1H3S 1960   185   190   248   210   254   325   256   234   194   138
CHI1H3S 1970   186   171   142   221   161   230   151   185   207   276
CHI1H3S 1980   230   294   303   297   247   270   352   290   183   201
CHI1H3S 1990   209   236   242   200   141    34   257   355   475   729
CHI1H3S 2000   596   423   313   364   474   433   329   655   619   481
CHI1H3S 2010   477   424   524   632   701   597   999
CHI1H5S 1948   196   145
CHI1H5S 1950   172   143   144   126   128   144   109   153   136   122
CHI1H5S 1960    77   105   114    79    75    85    84    92    98    76
CHI1H5S 1970    65    53    37    38    24    58    54    70    59    94
CHI1H5S 1980    80   105    97    97    78    78   101    67    62    60
CHI1H5S 1990    51    79    77    45    26   103    99   112    96   120
CHI1H5S 2000    53    90    38    76   116    99    17   113   133   199
CHI1H5S 2010   101    92    82   109   126   186   999
CHI1H7D 1905   193   125   124   112   116
CHI1H7D 1910    76    93    55    93   125   112   112    83   112   112
CHI1H7D 1920   121   133   129   133   149   119   111   121    87   100
CHI1H7D 1930   134   117   136   159    82   129   108   124   115    96
CHI1H7D 1940   103   123    79    64    55    57    66    54    68   118
CHI1H7D 1950    82    60    80    80    55    66    34    66    75    86
CHI1H7D 1960    71    69   135   106    93   113   119   105   103    78
CHI1H7D 1970    71    41    67    71    28   109    74    90   106    94
CHI1H7D 1980    97    86   125    94    98   113    93    78    49    60
CHI1H7D 1990    42    74    76    80    68   132    69    76   102    72
CHI1H7D 2000    43    58    21    56    62    59    14   123    79   109
CHI1H7D 2010    69    53    58    54    26    97   999
CHI1H9S 1933   112    63    61    62    72    71    58
CHI1H9S 1940    35    44    40    34    41    28    19    22    36    60
CHI1H9S 1950    50    48    62    67    65    70    42    85    71    73
CHI1H9S 1960    63    66    69    58    56    73    74    71   119   110
CHI1H9S 1970    76    74    89   110    53   105    85    91   136   176
CHI1H9S 1980   130   131   170   170   155   169   214   178   189   144
CHI1H9S 1990   180   205   195   116    91   203   195   191   301   365
CHI1H9S 2000   198   309   147   216   219   172    64   264   366   497
CHI1H9S 2010   331   136   300   362   261   524   999
CHI1L1U 1939   161
CHI1L1U 1940   220   297   239   319   318   226   265   183   217   319
CHI1L1U 1950   227   193   197   184   140   100    87   113   131   172
CHI1L1U 1960   123   155   195   218   154   174   193   197   167   172
CHI1L1U 1970   208   183   161   212    91   186   126   170   147   178
CHI1L1U 1980   181   172   135   155   120   141   144   137   187    81
CHI1L1U 1990   137   130   108    70    54   177   344   577   643   448
CHI1L1U 2000   225   245    73    75    79    58    40    75    52    66
CHI1L1U 2010    53    41    43    49    58    95   999
CHI1L5S 1955   161   165   166   208   225
CHI1L5S 1960   178   160   214   242   207   226   192   189   159   236
CHI1L5S 1970   242   153   178   197    81   155   140   165   160   199
CHI1L5S 1980   173   189   220   202   192   200   258   170   149    94
CHI1L5S 1990    81   121   164   106    65    64    62    72    86   108
CHI1L5S 2000    54    49    23    34    52    47    30    44    52    61
CHI1L5S 2010    41    47    57    64    64    85   999
CHI1L5U 1945   195   180   153   164   218
CHI1L5U 1950   208   139   146   135    57   117   112   144   197   202
CHI1L5U 1960   187   167   205   205   195   236   189   183   176   180
CHI1L5U 1970   214   123   147   192    74   119    92    98    99   109
CHI1L5U 1980   109   122   144   125   143   133   167   129    91    54
CHI1L5U 1990    48    51    61    46    44    53    46    57    62    76
CHI1L5U 2000    35    45    28    33    61    56    43    60    35    33
CHI1L5U 2010    16    19    23    46    26    29   999
CHI1L7D 1947   250   249   381
CHI1L7D 1950   332   215   278   130   183   170    74   177   213   232
CHI1L7D 1960   174   176   219   238   243   283   269   187   213   223
CHI1L7D 1970   239   164   178   189   121   243   153   183   164   208
CHI1L7D 1980   250   225   215   203   190   191   239   193   118    86
CHI1L7D 1990    81   148   147   161    96   190   105   111   141   172
CHI1L7D 2000   134   168   123   128   190   228    68   276   326   332
CHI1L7D 2010   266   270   248   280   253   408   999
CHI1H1U 1932   151   122    92    37    81    88    78    65
CHI1H1U 1940    43    35    52    59    33    39    25    27    22    67
CHI1H1U 1950    56    51    77    24    14    18    20    27    30    49
CHI1H1U 1960    25    23    28    26    40    51    54    74    61    36
CHI1H1U 1970    57    58    55    65    39    96    79    80   101   127
CHI1H1U 1980   103   143   105   111   134   118   126   107   102    62
CHI1H1U 1990    68    93   101    59    66    92   173   388   587   305
CHI1H1U 2000   379    89    47   169   184   154    31   115   445   871
CHI1H1U 2010   789   717   700   548   703   779   999
CHI1H7S 1930   107   147   160    98   113   106    89    96    86    96
CHI1H7S 1940   106    77    59    58    43    52    39    58    58    85
CHI1H7S 1950    74    64    82    65    65    51    24    90    74    88
CHI1H7S 1960    68    49   121    99    68    75    78    81    87    63
CHI1H7S 1970    62    49    48    75    34    81    64    76    73    83
CHI1H7S 1980    74    72    70    88    80    92    96    80    47    44
CHI1H7S 1990    52    68    76    64    78   119    86    84   127    90
CHI1H7S 2000    43    62    28    73    55    98    30   197   251   217
CHI1H7S 2010   229   104   112    86    51   126   999
CHI1L9D 1961   214   236   225   210   193   197   298   203   253
CHI1L9D 1970   256   181   120   159   108   144   155   172   199   240
CHI1L9D 1980   248   279   230    87    86    69   123   122   140    94
CHI1L9D 1990   101   114   170   161   143   219   264   280   230   221
CHI1L9D 2000   118   135    90   100   147   155   171   303   232   226
CHI1L9D 2010   149    90    36    70   155   372   999




