COL1H5S 1956   178   170   111   192
COL1H5S 1960   137   127   226   165   136    68   156   341   313   216
COL1H5S 1970   197   310   271   398   214   157   209    98   103   154
COL1H5S 1980   181   147   200   262   385   319   259   261   321   321
COL1H5S 1990   158   272   201   262   199   244   219   120   221   220
COL1H5S 2000   200   155   142   145   163   177   143   240   209   191
COL1H5S 2010    98   139   107    92   126   283   999
COL1H7S 1945   312   277   179   241   314
COL1H7S 1950   376   189   161   252   195   163   132   126   189   217
COL1H7S 1960   137   328   233   155   171   134   315   205   151   234
COL1H7S 1970   294   154   165   159   236   183   260   175    52   176
COL1H7S 1980   166   223   130   183   256   245   264   316   245   225
COL1H7S 1990   171   148   110   225   248   178   227    24   139    96
COL1H7S 2000   111   103   120   125   116   127    63   135   190   110
COL1H7S 2010   103    85    54    54    69   128   999
COL1H9U 1936   194   144   196   166
COL1H9U 1940   106   115   174   160   237   209   200   192   244   252
COL1H9U 1950   257   130   146   159   157   165   120   145   201   175
COL1H9U 1960    71   127   148   105    74    69   144    83    45    74
COL1H9U 1970   202   116   143    41   162    51   125    85    28    64
COL1H9U 1980    81    66    77    72   132    96    91   119   106   128
COL1H9U 1990    66   107   115   160   145   123   111    37    94    55
COL1H9U 2000    93    70    69   100    75    60    30    61    60    55
COL1H9U 2010    47    56    53    34    43    72   999
COL1L1S 1937   132   255   151
COL1L1S 1940   107   131   208   185   129   130   110    74   146   175
COL1L1S 1950   183    87   100   128    96    90   132   117    96   107
COL1L1S 1960    79   174   133   128   112   137   218   180   138   167
COL1L1S 1970   216   184   229   176   212   144   216   125    76   138
COL1L1S 1980   144   167   167   210   285   189   280   289   256   254
COL1L1S 1990   130   263   200   259   193   159   155    28   125   108
COL1L1S 2000   121   125    87    51    64    66    49    70    90    66
COL1L1S 2010    55    79    72    40    83    98   999
COL1L5U 1969   621
COL1L5U 1970   705   769   629   564   405   359   339   368   322   172
COL1L5U 1980   321   287   369   368   490   562   322   832   680   539
COL1L5U 1990   596   504   495   495   274   223   150   218   277   595
COL1L5U 2000   373   463   389   312   286   194   269   327   340   118
COL1L5U 2010   154   149    79    97    62   124   999
COL1L5S 1948   319   412
COL1L5S 1950   386   346   434   277   226   241   330   283   171   230
COL1L5S 1960   172   102    86   330   127   253   530   456   668   574
COL1L5S 1970   619   515   576   499   414   415   515   446   240   330
COL1L5S 1980   287   328   292   461   453   166   527   507   369   459
COL1L5S 1990   437   370   410   406   361   347   361   270   287   272
COL1L5S 2000   241   288   328   387   352   241   182   273   258   108
COL1L5S 2010    95   148    83    57    87   138   999
OLO1L3U 1973   288   341   218   292   222   112   193
OLO1L3U 1980   193   251   287   282   276   184   242   281   265   256
OLO1L3U 1990   151   316   259   350   290   274   265   100   304   236
OLO1L3U 2000   297   240   169   191   137   189   215   413   265   218
OLO1L3U 2010   139   160   152   137   171   272   999
OLO1L9S 1938   176   219
OLO1L9S 1940   117   158   233   239   272   261   204   131   199   278
OLO1L9S 1950   308   216   165   301   205   178   166   146   184   122
OLO1L9S 1960    99   165   166   185   202   132   254   249   194   234
OLO1L9S 1970   292   273   256   181   160   177   386   271    58   227
OLO1L9S 1980   205   296   207   320   358   258   301   303   258   218
OLO1L9S 1990   140   138   112   159   203   172   280    44   187   109
OLO1L9S 2000   150   116   129   112   106   135   102   252   258   152
OLO1L9S 2010    97    83    51    36    72    85   999
COL1H5U 1952   142   110   104   117   144   139   105   142
COL1H5U 1960   120   109   112   469   117   118   169   184    84    63
COL1H5U 1970   103   141   172   152   179   103   175   101    49   112
COL1H5U 1980   102    80   155   144   175   172   209   306   293   314
COL1H5U 1990   145   282   210   257   346   201    63    52   151   128
COL1H5U 2000   220   162   102   103    98   103    87   150   163   178
COL1H5U 2010   102   136   106    88   116   269   999
COL1H7U 1965   156   162   200   132   109
COL1H7U 1970   109   186   149   156    91   287   242   102   232   180
COL1H7U 1980   231   138   165   217   224   149   140   198   167   189
COL1H7U 1990   189   289   312   113   228   283   255   122   236   218
COL1H7U 2000   184   183   169    56   321   173   151   275   310   243
COL1H7U 2010   257   253   247   154   147   187   999
COL1H3U 1992   202   199   215   198   168    90   125   145
COL1H3U 2000   225   125   142   102    83   114    89   136   140   144
COL1H3U 2010   123   187   123   113   102   174   999
