GRA1H1U 1919    80
GRA1H1U 1920   102    99    82    99    79   108    78    94    71    82
GRA1H1U 1930    99   108    64    69    59    67    86    84    86    83
GRA1H1U 1940    98    82    74    86    66    86    65    62    70    58
GRA1H1U 1950    60    85    77   123   123    93   100    97    68    81
GRA1H1U 1960    76    76   162   184   209   241   180   123    73    65
GRA1H1U 1970   157   123   172   261   208   227   167   168   195   169
GRA1H1U 1980   146   136   152   150   106   121   214   155   141    89
GRA1H1U 1990    87   141   195   240   223   254   195   163   174   214
GRA1H1U 2000   149   134   100   109   115   140   155   234   223   182
GRA1H1U 2010   146   176   107   116   133   134   999
GRA1H3S 1907   209   158   126
GRA1H3S 1910    98   166   105   130   174   127   136   120   121   103
GRA1H3S 1920    80    81    53    57    58    82   103   124   111    92
GRA1H3S 1930    81    65    61    86    64    58    55    51    51    43
GRA1H3S 1940    60    66    50    75    58    52    22    36    54    49
GRA1H3S 1950    76   109   133   129   127    90    63   125   158   207
GRA1H3S 1960   153   118   150   162   154   235   250   157   178   276
GRA1H3S 1970   361   170   223   231   140   184   213   185   194   178
GRA1H3S 1980   230   285   297   347   310   234   326   209   246   155
GRA1H3S 1990   168   191   201   172   211   266   243   309   362   434
GRA1H3S 2000   224   136    72   131   254   237   351   608   733   616
GRA1H3S 2010   478   491   347   330   324   407   999
GRA1H5U 1970   182   123   198   234   237   286   287   298   299   283
GRA1H5U 1980   220   246   276   298   215   191   198   191   193   123
GRA1H5U 1990   144   163   226   158   241   189   154   169   171   195
GRA1H5U 2000   171   186    67   124   102   109   105   211   328   352
GRA1H5U 2010   298   319   299   388   327   443   999
GRA1L1S 1931   127   170   171   101   110   111   130   105   102
GRA1L1S 1940   130   109   105   125   100    84    95    75    73    87
GRA1L1S 1950    86    77   111   113   115    61    65    91   107   108
GRA1L1S 1960   107    97   140   120   160   132   124    90    77   135
GRA1L1S 1970   133    68    87   125   142   172   183   181   177   209
GRA1L1S 1980   174   217   251   241   179   226   273   253   267   159
GRA1L1S 1990   172   201   256   224   178   212   155   205   172   163
GRA1L1S 2000    72   127    36   113   111   110    54   121   114   123
GRA1L1S 2010    88    65    99    91    52    93   999
GRA1L1U 1923   110   110    87    82   116    90    84
GRA1L1U 1930   133   108    93    79    81    88    62   113    58    76
GRA1L1U 1940    98   106    61    86   111    87    82    71    52   107
GRA1L1U 1950   102    80   130   101   104    52    60    79    66    85
GRA1L1U 1960   106    94   130   132   135   154   146   107    96   117
GRA1L1U 1970   143    78    84   123   147   172   176   183   154   190
GRA1L1U 1980   177   205   184   182   167   164   202   206   253   147
GRA1L1U 1990   168   219   265   236   196   207   135   176   131   214
GRA1L1U 2000   111   113    42   128   130   131    86   146   144   155
GRA1L1U 2010   106    86    95    82    42    57   999
GRA2H7U 1963   503   523   508   397   390   374   454
GRA2H7U 1970   395   229   321   347   341   362   337   303   274   328
GRA2H7U 1980   288   415   392   406   284   299   550   325   441   296
GRA2H7U 1990   254   245   403   271   226   275   309   172   291   392
GRA2H7U 2000   270   237   248   314   289   225   259   357   460   481
GRA2H7U 2010   352   348   235   162   200   372   999
GRA2L1S 1941   103    89   115    87    71    43    58    49   101
GRA2L1S 1950   105    96    96    86    82    74    32    54    40    57
GRA2L1S 1960    50    60    82    74    58    65    88    66    63    56
GRA2L1S 1970    52    42    80    72    83    69    61    61    50    70
GRA2L1S 1980    71   102    76    66    42    65    71    54    97    44
GRA2L1S 1990    67    41    75    83    71    92   109    64    96   104
GRA2L1S 2000   119    95    59    88    88    88    95   146   211   170
GRA2L1S 2010   164   140   139    87   108   119   999
GRA2L1U 1940    93    76    59    87    53    40    30    28    32    40
GRA2L1U 1950    47    57    66    53    49    40    21    30    25    32
GRA2L1U 1960    26    45    87    83    61    65    83    50    45    39
GRA2L1U 1970    64    67    82    78    85    64    77    68    54    65
GRA2L1U 1980    62   102    97    71    39    67   104    81   118    58
GRA2L1U 1990    82    76    77    75    94    76    67    74   108   143
GRA2L1U 2000   117   114    80   138   170   121   145   178   243   232
GRA2L1U 2010   209   192   186   154   149   149   999
GRA1H3U 1907   162   144   155
GRA1H3U 1910   169   320   267   264   250   166   154   111   132    89
GRA1H3U 1920    93    94    58    65    62    63   108   125    86    93
GRA1H3U 1930    79    94    53    70    40    58    39    51    55    49
GRA1H3U 1940    88    53    58    63    41    52    37    34    45    65
GRA1H3U 1950    83   108    53   100    91    76    49    97   131   112
GRA1H3U 1960   129   133   129   165   189   282   265   172   227   222
GRA1H3U 1970   316   121   206   167   131   100    97   138   161   155
GRA1H3U 1980   136   203   261   182   195   155   174   136   169   123
GRA1H3U 1990   152   172   248   354   417   402   263   296   284   354
GRA1H3U 2000   265   172    81   131   248   210   227   493   642   527
GRA1H3U 2010   379   326   180   189   189   216   999
GRA1H9U 1908   261   234
GRA1H9U 1910   273   152   247   173   141   219   174   123    78    98
GRA1H9U 1920   140    32    36    32    30    61    87   134    96    75
GRA1H9U 1930    87   109   105   101    69    82    76    96    94    81
GRA1H9U 1940   167   175    86   122    95    54    28    45    51   103
GRA1H9U 1950    81    62   106    92   102    76    64    94    88    49
GRA1H9U 1960    83    56   150    83   116   178   172   153   124    85
GRA1H9U 1970    71    53    87   110    55    87    66   113   137   145
GRA1H9U 1980   115   125   110   130    69    78    95    77    67    37
GRA1H9U 1990    35    61    54    48    57    79   100   106   157   150
GRA1H9U 2000    89   140    17    78    91    96    95   155   193   180
GRA1H9U 2010   132    88    74   110   116   141   999
GRA2H3S 1922    65    78    65    58    51    87    58    57
GRA2H3S 1930    67    82    82   130   101    84    72    62    79    65
GRA2H3S 1940    90    99    97   140    93    89    50    45    65    90
GRA2H3S 1950    65    67    61    65    79    46    32    54    42    30
GRA2H3S 1960    19    20    37    22    26    41    35    37    26    30
GRA2H3S 1970    34    15    26    36    15    37    34    40    52    54
GRA2H3S 1980    47    55    52    72    54    36    68    47    64    40
GRA2H3S 1990    76    66    86    89    77    84    49    32    56    74
GRA2H3S 2000    72    90    43    90    73    80    79   220   430   379
GRA2H3S 2010   244   256   237   263   284   275   999
GRA2H3U 1940    91    91   130   202   135   100    48    42    41    88
GRA2H3U 1950    67    55    54    71    90    49    23    54    37    32
GRA2H3U 1960    25    26    45    32    40    58    54    54    54    51
GRA2H3U 1970    62    26    43    45    51    67    90    82    58    70
GRA2H3U 1980    58    82    83    74    60    49    79    49    64    34
GRA2H3U 1990    68    68    56   104    51    52    40    38    77   100
GRA2H3U 2000   100    64    28    55    57    60    49   117   120   121
GRA2H3U 2010   115   120   111   123   117   117   999
GRA2H5S 1960    34    96    42    77   101    77    70    68    99   217
GRA2H5S 1970   143    48    57   159    25   179   195   178   168   290
GRA2H5S 1980   210   182   122   218   147   113   205   199   260   145
GRA2H5S 1990   145   207   227   208   167   207   230   251   390   400
GRA2H5S 2000   337   227   127   190   300   252   286   535   847   933
GRA2H5S 2010   517   541   484   498   544   591   999
GRA2H5U 1941    86   137   119    83    43    16    20    30    42
GRA2H5U 1950    43    49    43    30    33    51    45    34    28    54
GRA2H5U 1960    83   110   172   299   345   308   218   247   205   237
GRA2H5U 1970   246   131   210   246   220   265   256   271   210   157
GRA2H5U 1980   134   147   210   292   214   212   315   188   216   151
GRA2H5U 1990   146   256   340   321   262   292   240   225   326   372
GRA2H5U 2000   356   320   296   510   517   385   430   707   787   768
GRA2H5U 2010   488   449   440   468   570   595   999
GRA2L7S 1918   222   106
GRA2L7S 1920   196   178   167    96   149   139   223   162   177   250
GRA2L7S 1930   197   201   186   167   149   156   129   134   156   266
GRA2L7S 1940   201   157   183   133    99    97    68    68   135   112
GRA2L7S 1950    74    92    98    87    85    50    85    45    39    11
GRA2L7S 1960    12    29     9    19    53    42    38    23    17    46
GRA2L7S 1970    42    23    61    46    54    65    57    69    36    64
GRA2L7S 1980    46    77    50    69    54    50   106    75    90    78
GRA2L7S 1990    65    56   101    65   100    59    76    44    62    65
GRA2L7S 2000    54    51    37    47    46    39    39    46    46    57
GRA2L7S 2010    44    48    59    47    55    68   999
GRA1L5U 1941   533   495   489   415   356   315   362   255   282
GRA1L5U 1950   274   273   315   299   367   362   310   422   394   377
GRA1L5U 1960   250   231   279   267   294   273   203    76    51   123
GRA1L5U 1970   237   324   413   254   290   303   290   262   221   303
GRA1L5U 1980   275   343   281   209   164   157   275   232   275   239
GRA1L5U 1990   221   198   227   250   308   418   327   284   210   232
GRA1L5U 2000   167   101   127   130   134   150   151   203   121    87
GRA1L5U 2010    89   168   121   123   116   117   999
GR1H10S 1910   121   180   135   157   201   165   156    93    83    51
GR1H10S 1920    51    56    40    74    65    79    70   120    88   113
GR1H10S 1930    99   127   115   133   105   106   101   105    91   108
GR1H10S 1940   113   111    88   111    86    46    41    43    61    59
GR1H10S 1950    64    82    76    82    86   106    98   124   121    78
GR1H10S 1960    97    94   131   191   171   183   148   130    91   141
GR1H10S 1970   125   129   181   218   226   173   192   183   215   189
GR1H10S 1980   154   131   127   117   143   172   231   225   184   124
GR1H10S 1990   129   159   170   224   253   288   233   178   240   182
GR1H10S 2000   130   119    76   129   140   129    70   129   176   178
GR1H10S 2010   133   129   148   170   169   199   999
GRA1L7U 1974   120   174   187   319   189   270
GRA1L7U 1980   184   228   231   151   277   174   287   222   284   180
GRA1L7U 1990   302   224   257   222   199   199   199   148   241   294
GRA1L7U 2000   218   205   122   225   207   220   141   252   198   170
GRA1L7U 2010   142   132   216   159   199   220   999
GRA2H1U 1961   255   319   286   274   395   534   504   518   647
GRA2H1U 1970   578   233   335   352   488   479   474   617   641   641
GRA2H1U 1980   516   453   417   359   316   482   518   369   513   406
GRA2H1U 1990   376   567   538   578   428   512   396   443   599   564
GRA2H1U 2000   377   269   239   273   273   258   186   404   593   368
GRA2H1U 2010   246   277   307   243   191   233   999
GRA2H9U 1945   201   180   195   176   208
GRA2H9U 1950   248   201   258   247   287   176   154   290   297   374
GRA2H9U 1960   557   588   563   674   703   546   437   377   293   271
GRA2H9U 1970   270   190   259   372   358   384   423   396   377   362
GRA2H9U 1980   322   362   343   369   349   282   383   256   294   155
GRA2H9U 1990   142   154   226   210   221   216   276   289   297   384
GRA2H9U 2000   242   202   140   223   284   296   291   332   311   274
GRA2H9U 2010   209   241   264   307   266   280   999


