GUM1H3S 1918    99    83
GUM1H3S 1920    65   141   140   154    60    78    55    98   135    86
GUM1H3S 1930   118   134   139    94    65    79    87    53    52   120
GUM1H3S 1940    34    67   103    69    59    46    56    60    69    57
GUM1H3S 1950    90    49    45    32    25    28    41    66    58    34
GUM1H3S 1960    49    57    45    30    13    15    73    51   100    53
GUM1H3S 1970    68    30    30    70    19    17    70    62    62    72
GUM1H3S 1980    55    34   135    72    64    77    77    81    98    94
GUM1H3S 1990    56   145    88    64    25    56    52    45    56    37
GUM1H3S 2000    36    47    15    20    56    47    43    72    26    20
GUM1H3S 2010    34    17    41    39    52   159   999
GUM1H3U 1925   142    63   100   165    87
GUM1H3U 1930   105   136   148    88    58    52    75    39    28    81
GUM1H3U 1940    23    76   149    74    93    60    68    86    92   102
GUM1H3U 1950   116    92    76   110    65    66    13    97   102    80
GUM1H3U 1960    55    86   141   118    98    26    92    77   147    91
GUM1H3U 1970   128    45    38    77    17    36    77    70    83    85
GUM1H3U 1980    88    34   197    98    84   127   114   155   172   153
GUM1H3U 1990    79   153   123    97    28    87    62    91    85    85
GUM1H3U 2000    59    87    19    36    76    61    38    97    30    38
GUM1H3U 2010    74    15    55    36   108   161   999
GUM1H5U 1910    86   103    86    67    15    22    43    59    65    91
GUM1H5U 1920    58   128   102   111    51    50    45    49    64    61
GUM1H5U 1930    89    77    87    57    42    63    51    42    33    31
GUM1H5U 1940    29    42    83    62    51    42    33    51    45    62
GUM1H5U 1950    56    30    37    35    21    24    12    26    49    46
GUM1H5U 1960    37    48    61    49    45    20    78    58   104    51
GUM1H5U 1970   112    54    27    65    48    95    84    42    38    44
GUM1H5U 1980    17    77    48    49    56    60    74    81    82    25
GUM1H5U 1990    33    64    76    67    39    58    41    46    43    42
GUM1H5U 2000    48    68    14    39    37    40    18    61    57    51
GUM1H5U 2010    58    35    66    67    86   171   999
GUM1H7S 1961    28    46    51    40    34    71    67    90    92
GUM1H7S 1970   134    32    26    75    43   102   113    92   104   105
GUM1H7S 1980    53   126    66    99   125   108   163   159   197    51
GUM1H7S 1990    66   220   191   116    49    90    96   119   132    93
GUM1H7S 2000    69    98    36    49    79    73    41    94    61    74
GUM1H7S 2010   140    21   117    55   111   189   999
GUM1L7U 1930    72    78    92    57    68    90    48    49    29   167
GUM1L7U 1940    86   160    75    23    84    92   103    58    57    64
GUM1L7U 1950    87    44    20    64    34    48    81   120    94   104
GUM1L7U 1960    79   144    93    88    63    88   196   133   301   166
GUM1L7U 1970   264    78   147   190    85   118   136   121   125   176
GUM1L7U 1980   119   246    79   113   104   130   233   365   395    53
GUM1L7U 1990   121   184   188   172    49   114    66   116   234   115
GUM1L7U 2000    96   102    28    43    64    45    38   120    34    64
GUM1L7U 2010   111   158   133    68   131   210   999
GUM1H1S 1940    62   201   382   259   323   105    68   140   195   188
GUM1H1S 1950   126    46   190    77    73    19    17    13    34    45
GUM1H1S 1960    20    37    87    77    92    42   135   116   213   123
GUM1H1S 1970   248   102    82   137    77   114    88    64    80   115
GUM1H1S 1980    81   220   111   127   144   124   231   216   253    64
GUM1H1S 1990    49   105   149   122    62   108   101   101   130   127
GUM1H1S 2000    94    88    18    35    46    55    46    75    54    90
GUM1H1S 2010    86    55   160    68    96   176   999
GUM2H3S 1923    44    72   138    64    63   107   133
GUM2H3S 1930    87    64    89    80    62    39    71    35   117   185
GUM2H3S 1940   127   143    68    88    96    76    48    62    56    73
GUM2H3S 1950    68    17    17    48    46    22    19    21    64    74
GUM2H3S 1960    25    49    60    25    60    45    46    50   110    58
GUM2H3S 1970   102    28    15    81    33    67    89    73   109   113
GUM2H3S 1980    28   115    60    77   107   117   179   152   194    18
GUM2H3S 1990    24    98   104    64    20    57    46    64    68    62
GUM2H3S 2000    52    74    14    24    72    66    29    67    32    35
GUM2H3S 2010    15    34    78    49   108   206   999
GUM2H5S 1886   212    83   124   164
GUM2H5S 1890   308   158   311   138    99   156   156   196   225   161
GUM2H5S 1900   128   151   174   217    94   195    98    49   132   121
GUM2H5S 1910    74    47   117    59   117   178   140   123   154   140
GUM2H5S 1920   224   203   184    53    70    53    32   116   182   112
GUM2H5S 1930   159   178   193   159    85   112   155    83    68    94
GUM2H5S 1940    83   167   208   148   214   129   152   150   125   108
GUM2H5S 1950   114   108    69    69    34    28    28    66   103   121
GUM2H5S 1960    49    74   152   121    83    44   172   133   239   131
GUM2H5S 1970   263    76    74   185    70   212   214   101   105   206
GUM2H5S 1980    64   218   168   123   143   134   215   253   266    57
GUM2H5S 1990    57   227   235   102    36    74   112   100    53   112
GUM2H5S 2000    64    87    22    43    74   108    60   226   132   181
GUM2H5S 2010   207    49   136   105   112    62   999
GUM1H1U 1904   192   264   174   316   264   183
GUM1H1U 1910   309   267   182   395   176   320   429   401   351   265
GUM1H1U 1920   252   446   357   374   145   187   180   192   304   215
GUM1H1U 1930   226   265   299   250   174   174   199   144   142   186
GUM1H1U 1940   108   263   341   197   282   138   126   165   158   139
GUM1H1U 1950   195   113    44    32    17    32    25    21    32    43
GUM1H1U 1960    30    56    75    73    75    41   126   115   205   124
GUM1H1U 1970   235    83    93   133    68   120    85    84    91   127
GUM1H1U 1980    72   202    68   111   139    96   174   230   155    47
GUM1H1U 1990    68   141   174   131    43   102    91    88   124   148
GUM1H1U 2000   102   105    22    32    59   107   104    94    75   120
GUM1H1U 2010    67    30   111    51    85   168   999
GU1H9Se 1915    72    40    38    46    59
GU1H9Se 1920   125   105   219    45    90    64    45    86    60    95
GU1H9Se 1930    88   108    84    83   104    25   150    53    57    40
GU1H9Se 1940    27    24    66    85    51   119    72   136   172   168
GU1H9Se 1950   147    74    64    63    59    28    28    63    81    58
GU1H9Se 1960    59    68    76   123   112    40   142   104   182   112
GU1H9Se 1970   202    76   104   157   125   254   233   138   231   178
GU1H9Se 1980   123   323   161   206   259   214   246   210   257    79
GU1H9Se 1990    85   320   273   208   108   185   181   292   291   295
GU1H9Se 2000   176   213    90   134   253   138    68   291   143   176
GU1H9Se 2010   204   131    98   106    66   254   999
GU1H9Ue 1937    87   122   169
GU1H9Ue 1940    65    76    80   134   106    96   217    95   157   115
GU1H9Ue 1950   193   152    81    57    61    50    72    69    47    64
GU1H9Ue 1960    84   104   109    99    59    17    74    70    89    62
GU1H9Ue 1970    79    17    30    97    47   153   129   104   125   155
GU1H9Ue 1980    96   223   148   151   221   183   206   195   255    76
GU1H9Ue 1990    79   236   194   155    66   119   114   227   284   222
GU1H9Ue 2000   165   180    65    92   161   116   167   113   172   212
GU1H9Ue 2010   191    32    76   149    60   321   999
GU2H5Ue 1892   149   136   289   169   113   186   149   198
GU2H5Ue 1900   231   351   190    98   118   224    96   200   172   145
GU2H5Ue 1910   181    82    74   148    87   134   172   149   109   122
GU2H5Ue 1920   124   182   157   188    78   100    96    71   165   141
GU2H5Ue 1930   150   187   193   140    90   115   123   100    79   153
GU2H5Ue 1940    57   127   212   148   138    68    74   121   142   155
GU2H5Ue 1950   130   138    95   117    25    36    89    89    77    89
GU2H5Ue 1960    57    62   138   131   110    40   167   131   282   125
GU2H5Ue 1970   282    83    93   229    85   222   263   119    87   150
GU2H5Ue 1980    59   193   130   149   123   131   198   234   278    58
GU2H5Ue 1990    83   186   210   125    34   149    87    66    72    45
GU2H5Ue 2000    72    80    32    44   104   127    74   214   157   128
GU2H5Ue 2010   227    59   116   127   208   369   999
GU2H7Se 1929   208
GU2H7Se 1930   232   297   214   138   199    35   269   140   116   250
GU2H7Se 1940    68   175   236   117   184   102    94   110   104    87
GU2H7Se 1950    88    38    59    98    51    17    38    34   107    96
GU2H7Se 1960    40    79   125   136   159    75   189    99   213   113
GU2H7Se 1970    97    67    57   140    61   153   151    99    87   112
GU2H7Se 1980    48   186    86    98   122    90   182   216   243    75
GU2H7Se 1990    81   204   141   102    33    93    76    71    98   109
GU2H7Se 2000    64    91    19    45    80    56    50    89    55    69
GU2H7Se 2010   100    30    67    43    50   135   999
GU2H7Ue 1935    57   294   147   100   225
GU2H7Ue 1940    67   166   203   141   199   118   115   112    78    73
GU2H7Ue 1950    56    29    53    79    40    80    40    60   137   153
GU2H7Ue 1960    91    91   159   157   168    71   179   114   163    71
GU2H7Ue 1970    63    39    56   142    77   173   159    92    93    83
GU2H7Ue 1980    40   165    97    83   109    90   171   163   174    58
GU2H7Ue 1990    45   179   115    79    34    54    75    53    66    70
GU2H7Ue 2000    70    72    19    25    74    40    45    79    74    70
GU2H7Ue 2010    76    45    53    44    70   121   999




