MOG1L5S 1940   226   210   167   196   179   163   108   138   116   145
MOG1L5S 1950   128   161   135   106   162   142   152   192   167   154
MOG1L5S 1960    92   127   185   209   211   214    97   172   145   196
MOG1L5S 1970   174   193   179   194   136   190   263   225   179   158
MOG1L5S 1980   167   190   176   226   153   160   162   128   149   100
MOG1L5S 1990   103   120   202   135   158   113   102   121   137   107
MOG1L5S 2000    68    71    32    72    67    88    71   116   170   172
MOG1L5S 2010   145   156   159   159   167   290   999
MOG1H5U 1942   227   151   178   142    83   140   151   223
MOG1H5U 1950   182   223   251   194   188   258   180   229   164   154
MOG1H5U 1960   153   133   196   198   246   270   246   326   223   223
MOG1H5U 1970   203   264   275   237   132   210   273   200   144   167
MOG1H5U 1980   144   229   182   237   159   188   155   151   150   112
MOG1H5U 1990   157    89   129   121   174   131    78   102   102    68
MOG1H5U 2000    79    72    40    68    64    81    72   104   125   125
MOG1H5U 2010    96   123    99   119   105   225   999
MOG1L1S 1940   210   287   170   105   187   165   117   149   112   184
MOG1L1S 1950    46    70   129    96   123   145    97   178   117    73
MOG1L1S 1960   112   142   160   161   192   269   169   270   146   166
MOG1L1S 1970   119   109   119   164    95   182   176   142   117    96
MOG1L1S 1980   110   206   195   202   130   136   125   114   133    87
MOG1L1S 1990   119    81   163   102   153   108    79    70    72    96
MOG1L1S 2000    59    66    34    64    49    64    38    57    95   111
MOG1L1S 2010    74   131   100    83   102   142   999
MOG1H7S 1926   114   300   208   179
MOG1H7S 1930   270   331   250   275   199   188   147   149   191   131
MOG1H7S 1940   200   254   219   161   148   174    88   127    94   187
MOG1H7S 1950   117   120   143   159   168   229   145   208   151   147
MOG1H7S 1960   108   123   149   215   215   217   186   276   253   302
MOG1H7S 1970   191   302   202   204   102   126    60    86   104   123
MOG1H7S 1980   135   172   182   233   178   210   246   220   204   147
MOG1H7S 1990   170    98   185    87   147    98    81    87    87   126
MOG1H7S 2000    51    53    45    62    69    94    49    76   128   128
MOG1H7S 2010   107   147   118   105    79   177   999
MOG1L1U 1942   204   136   190   241   157   206   183   206
MOG1L1U 1950    71    51   105   130   153   190   161   331   218   195
MOG1L1U 1960   171   198   178   164   182   194   168   255   122   152
MOG1L1U 1970   111   158   138   137    67   124   161   135   120   117
MOG1L1U 1980   131   235   222   197    83   136   108   102   123    91
MOG1L1U 1990   121    95   150    75   150    91    66    79    87    97
MOG1L1U 2000    53    51    60    49    42    76    57    87   112   191
MOG1L1U 2010   102   133   121   116    95   144   999
MOG1L9S 1948   294   321
MOG1L9S 1950   261   232   268   243   244   224   171   249   242   310
MOG1L9S 1960   312   350   366   345   359   377   338   334   265   296
MOG1L9S 1970   289   304   326   236   201   191   222   213   198   243
MOG1L9S 1980   197   287   268   175   165   167   176   202   186   225
MOG1L9S 1990   189   153   191   170   201   184   117   111   117   117
MOG1L9S 2000    91   111    46   101   110   125   104   112   124   128
MOG1L9S 2010   111   133   120   106   100   120   999
MOG1L9U 1947   257   260   242
MOG1L9U 1950   223   222   251   189   282   274   196   280   295   305
MOG1L9U 1960   316   368   395   401   373   396   346   351   265   270
MOG1L9U 1970   264   304   343   231   210   226   249   205   166   175
MOG1L9U 1980   182   294   287   169   166   150   168   156   176   191
MOG1L9U 1990   158   139   179   140   155   138    88    60    81    95
MOG1L9U 2000    71    58    26    75    75    94    70    86    98    84
MOG1L9U 2010    90    87    97    81    64   109   999








