COL1H5S 1956   178   170   111   192
COL1H5S 1960   137   127   226   165   136    68   156   341   313   216
COL1H5S 1970   197   310   271   398   214   157   209    98   103   154
COL1H5S 1980   181   147   200   262   385   319   259   261   321   321
COL1H5S 1990   158   272   201   262   199   244   219   120   221   220
COL1H5S 2000   200   155   142   145   163   177   143   240   209   191
COL1H5S 2010    98   139   107    92   126   283   999

COL1H7S 1945   312   277   179   241   314
COL1H7S 1950   376   189   161   252   195   163   132   126   189   217
COL1H7S 1960   137   328   233   155   171   134   315   205   151   234
COL1H7S 1970   294   154   165   159   236   183   260   175    52   176
COL1H7S 1980   166   223   130   183   256   245   264   316   245   225
COL1H7S 1990   171   148   110   225   248   178   227    24   139    96
COL1H7S 2000   111   103   120   125   116   127    63   135   190   110
COL1H7S 2010   103    85    54    54    69   128   999

COL1H9U 1936   194   144   196   166
COL1H9U 1940   106   115   174   160   237   209   200   192   244   252
COL1H9U 1950   257   130   146   159   157   165   120   145   201   175
COL1H9U 1960    71   127   148   105    74    69   144    83    45    74
COL1H9U 1970   202   116   143    41   162    51   125    85    28    64
COL1H9U 1980    81    66    77    72   132    96    91   119   106   128
COL1H9U 1990    66   107   115   160   145   123   111    37    94    55
COL1H9U 2000    93    70    69   100    75    60    30    61    60    55
COL1H9U 2010    47    56    53    34    43    72   999

COL1L1S 1937   132   255   151
COL1L1S 1940   107   131   208   185   129   130   110    74   146   175
COL1L1S 1950   183    87   100   128    96    90   132   117    96   107
COL1L1S 1960    79   174   133   128   112   137   218   180   138   167
COL1L1S 1970   216   184   229   176   212   144   216   125    76   138
COL1L1S 1980   144   167   167   210   285   189   280   289   256   254
COL1L1S 1990   130   263   200   259   193   159   155    28   125   108
COL1L1S 2000   121   125    87    51    64    66    49    70    90    66
COL1L1S 2010    55    79    72    40    83    98   999

COL1L5U 1969   621
COL1L5U 1970   705   769   629   564   405   359   339   368   322   172
COL1L5U 1980   321   287   369   368   490   562   322   832   680   539
COL1L5U 1990   596   504   495   495   274   223   150   218   277   595
COL1L5U 2000   373   463   389   312   286   194   269   327   340   118
COL1L5U 2010   154   149    79    97    62   124   999

COL1L5S 1948   319   412
COL1L5S 1950   386   346   434   277   226   241   330   283   171   230
COL1L5S 1960   172   102    86   330   127   253   530   456   668   574
COL1L5S 1970   619   515   576   499   414   415   515   446   240   330
COL1L5S 1980   287   328   292   461   453   166   527   507   369   459
COL1L5S 1990   437   370   410   406   361   347   361   270   287   272
COL1L5S 2000   241   288   328   387   352   241   182   273   258   108
COL1L5S 2010    95   148    83    57    87   138   999

OLO1L3U 1973   288   341   218   292   222   112   193
OLO1L3U 1980   193   251   287   282   276   184   242   281   265   256
OLO1L3U 1990   151   316   259   350   290   274   265   100   304   236
OLO1L3U 2000   297   240   169   191   137   189   215   413   265   218
OLO1L3U 2010   139   160   152   137   171   272   999

OLO1L9S 1938   176   219
OLO1L9S 1940   117   158   233   239   272   261   204   131   199   278
OLO1L9S 1950   308   216   165   301   205   178   166   146   184   122
OLO1L9S 1960    99   165   166   185   202   132   254   249   194   234
OLO1L9S 1970   292   273   256   181   160   177   386   271    58   227
OLO1L9S 1980   205   296   207   320   358   258   301   303   258   218
OLO1L9S 1990   140   138   112   159   203   172   280    44   187   109
OLO1L9S 2000   150   116   129   112   106   135   102   252   258   152
OLO1L9S 2010    97    83    51    36    72    85   999

COL1H5U 1952   142   110   104   117   144   139   105   142
COL1H5U 1960   120   109   112   469   117   118   169   184    84    63
COL1H5U 1970   103   141   172   152   179   103   175   101    49   112
COL1H5U 1980   102    80   155   144   175   172   209   306   293   314
COL1H5U 1990   145   282   210   257   346   201    63    52   151   128
COL1H5U 2000   220   162   102   103    98   103    87   150   163   178
COL1H5U 2010   102   136   106    88   116   269   999

COL1H7U 1965   156   162   200   132   109
COL1H7U 1970   109   186   149   156    91   287   242   102   232   180
COL1H7U 1980   231   138   165   217   224   149   140   198   167   189
COL1H7U 1990   189   289   312   113   228   283   255   122   236   218
COL1H7U 2000   184   183   169    56   321   173   151   275   310   243
COL1H7U 2010   257   253   247   154   147   187   999

COL1H3U 1992   202   199   215   198   168    90   125   145
COL1H3U 2000   225   125   142   102    83   114    89   136   140   144
COL1H3U 2010   123   187   123   113   102   174   999

DAV1H9U 1926    74    69   117   123
DAV1H9U 1930   106    99    58    36    54    70    63    84   145   168
DAV1H9U 1940   271   135   171    79    63    67    87    86    33    58
DAV1H9U 1950    75    97    78    84    61    30    45    45    71    82
DAV1H9U 1960    67   121   129    99   122    74    98   114   125   109
DAV1H9U 1970   115    50   142   156    43   105    66    57    37    79
DAV1H9U 1980    23    82    62    42    90    68    93   134    93    26
DAV1H9U 1990    35    18    24    58    41    22    36    24    66    23
DAV1H9U 2000    48    65    75    37    28    69    50    17    76    35
DAV1H9U 2010    61    66    44    51    17    16   999

DAV1L5S 1962   489   272   280   305   228   380   346   274
DAV1L5S 1970   243   145   300   420   160   272   317   385   149   390
DAV1L5S 1980   163   336   370    98   239   452   376   449   238   256
DAV1L5S 1990   203   231   400   408   128   150    66    76   235    50
DAV1L5S 2000   163   127   122    71    77   234   276   123   297   157
DAV1L5S 2010   172   275   148   138   109   307   999

DAV1L5U 1950   246   226   211    66   302   477   340    57   343   364
DAV1L5U 1960   156   174   132   158   172   126   143   296   310   285
DAV1L5U 1970   218   155   282   372   152   316   366   352   140   344
DAV1L5U 1980   147   343   333   178   263   238   319   234   212   166
DAV1L5U 1990   197   282   265   119    87    49    48    55   191    40
DAV1L5U 2000   117    74    55    34   121   134   203    81   189    87
DAV1L5U 2010   125   114   119    93    68   153   999

DAV2H1U 1935    81    82   103   104   168
DAV2H1U 1940   178   343   195   153   100   153    45   136    42    69
DAV2H1U 1950    93   118    83   124    95    41    49    87   134   164
DAV2H1U 1960    94   208   126    80   146    71   115   122   160   140
DAV2H1U 1970    94    30    80   196    44   187   134   138    39   193
DAV2H1U 1980    90   256   203    67   136   140   109   272   178   114
DAV2H1U 1990   110   153   280    98    50    48    34   103    24    35
DAV2H1U 2000    26    22    22    41   100   131    83   406   147   198
DAV2H1U 2010   252    34    55    85    71   286   999

DAV2H5U 1946    91   131    57    62
DAV2H5U 1950    96    86    67   111    37    86    89   118   236   259
DAV2H5U 1960   183   238   159   140   135    77    94   104   130   185
DAV2H5U 1970   119    43   119    81    36    21    34   131   100   123
DAV2H5U 1980    59    51   195   197   123   174   171   155   248   121
DAV2H5U 1990    76    76    91    61    51    32    61    30    97    17
DAV2H5U 2000    51    45    97    53    57   167   127    24   116    28
DAV2H5U 2010    36    74    47    95    36    35   999

DAV2H7S 1912   247   167    92    95    99   206   260   244
DAV2H7S 1920   192   191   197   146   168   112   161   137   196   128
DAV2H7S 1930    96   107    58    49   102   154   153   151   158   318
DAV2H7S 1940   158    68   214   114    83    43   117   119    97    92
DAV2H7S 1950   130   172   104   136    76    62   117   115   203   244
DAV2H7S 1960   174   356   174    79    99    56   134   161   185   176
DAV2H7S 1970   142    32   161   254    44   123    83   138    53   206
DAV2H7S 1980   138   340   487   226   338   235   258   373   207   150
DAV2H7S 1990   144   148   243   222    63    74    44   104    31    67
DAV2H7S 2000    52    43    37    40    45    77   110    52   245   147
DAV2H7S 2010   126   220    64   205    62   164   999

DAV1H1S 1941   232   176   119    74   125   144   120   148   142
DAV1H1S 1950   113    58    75    52    33    55    73   126   140   123
DAV1H1S 1960   178   159    99   130    86   137   158   123   139   138
DAV1H1S 1970    63   141   117    41    33   163   127   147    58    64
DAV1H1S 1980    60   177   243   165   198   166   189   228   142   138
DAV1H1S 1990   150   149   162   169    66    89    49    42   219    57
DAV1H1S 2000   114    72   101    60    74   137   171    74   268    99
DAV1H1S 2010    90   169    47   140   109   200   999

DAV1H1U 1928   173   145
DAV1H1U 1930    88    90    43    38    39    73    65    64    81   181
DAV1H1U 1940    84   170   131   105    60   115   121    87   140   136
DAV1H1U 1950   128    86    67    83    47    73    98   109   143   116
DAV1H1U 1960   138   129    95   111    45   117   110   102    98    89
DAV1H1U 1970    47   113   119    30    30   112    72    78    28    40
DAV1H1U 1980    42   114   151   102   142   121   155   227   119   121
DAV1H1U 1990   123   144   110   112    68    72    42    32   195    42
DAV1H1U 2000    80    64   104    64    59   121   180    80   242    76
DAV1H1U 2010    89   123    36   108    66   184   999

DAV1H3S 1970   115    49    44    75    71    56    87    75    71    39
DAV1H3S 1980    39   158   198    87   146   192   178   275   153    64
DAV1H3S 1990    88   146   206    93    28    50    24   146    34    92
DAV1H3S 2000    60    54    41    53   102   131    55   228    80    72
DAV1H3S 2010   124    27    43   106    63   233   999

DAV1H9S 1922   228   212   295   314   138   108   167   142
DAV1H9S 1930   191   157   151    70   125   142   151   113   169   167
DAV1H9S 1940   258   141   150   125    80    88   110   119    49   118
DAV1H9S 1950   101   161   130   160   106    62    71    53   111   157
DAV1H9S 1960   146   216   169   137   180    88   133   199   170   204
DAV1H9S 1970   181    52   145   189    66   209   105   111    45   153
DAV1H9S 1980    69   114   121    70    91   102   138   150   121    59
DAV1H9S 1990    72    89   110    53    23    41    40   113    36    66
DAV1H9S 2000   155    61    57    68    44    97    78    55   178    80
DAV1H9S 2010   136   136    68    96    24    43   999

AV1L1Se 1964   215   201   262   354   351   430
AV1L1Se 1970   263   200   452   476   170   341   263   398   183   506
AV1L1Se 1980   151   525   323   203   437   451   441   474   269   200
AV1L1Se 1990   237   307   451   347   123    40   100   119   311    55
AV1L1Se 2000   260   188   165    78   110   277   220   134   521   159
AV1L1Se 2010   207   233   152   180    55   280   999

AV1L1Ue 1971   245   482   408   192   428   343   452   171   434
AV1L1Ue 1980   171   534   313   204   369   300   369   468   283   205
AV1L1Ue 1990   230   422   506   356   127    62   104   140   377    78
AV1L1Ue 2000   289   182   207    98   119   294   306   189   600   180
AV1L1Ue 2010   252   227   144   183    61   231   999

AV2H9Se 1917   241   413   384
AV2H9Se 1920   394   245   290   242   294   325   164   215   255   185
AV2H9Se 1930   130   131   129    69    79   152   275   107   142   191
AV2H9Se 1940   248   413   271   220   105   168    87   127    74   106
AV2H9Se 1950   127   116   115    89    89    41    53    81   114   150
AV2H9Se 1960   108   261   182   161   112    42    30    42    45   110
AV2H9Se 1970   172    40   123   119    42   110    64    52    22    36
AV2H9Se 1980    55   104    97    78   134   130   108   219   138   126
AV2H9Se 1990    77   124   251   226    91   126    60   108    38    39
AV2H9Se 2000    53    40    32    47    45   117   125    68   223    55
AV2H9Se 2010    76   191    66    58    30    88   999

AV2H9Ue 1922   283   256   223   343   347   228   155   215
AV2H9Ue 1930   171   178   158   140    57   115   199   182    61   327
AV2H9Ue 1940   236   219   443   301   254    97    87    62    84   148
AV2H9Ue 1950   125   131   145   149   126   131    79    45    50    78
AV2H9Ue 1960   133   157    92   243   158   165   111    62    54    41
AV2H9Ue 1970    28    84   139   106    45    93   117   125    66    75
AV2H9Ue 1980    90   137   112    74   135   141   158   271   131   130
AV2H9Ue 1990   119   172   283   232    51    36   111    77   190    34
AV2H9Ue 2000    80    71   109    64    62   150   163    73   271    32
AV2H9Ue 2010    43   133    30    80    60   129   999

GIL2H1S 1934   262   173   261   201   174   193
GIL2H1S 1940   153   258   235   132   218   147   158   104    76   124
GIL2H1S 1950    97    73    53   103    72    70   101    77   102   115
GIL2H1S 1960   155    62   130   113    71    81    77    38   117   133
GIL2H1S 1970   102    32    88   147    54   155   155   103    75   138
GIL2H1S 1980    88    73    79    96    71   101   134    98   107    68
GIL2H1S 1990    64    93   121    87    53    59    30    72    66    53
GIL2H1S 2000    47    34    17    45    61    62    25    87   132   131
GIL2H1S 2010   125    40    85    47    98   183   999

GIL2H1U 1927   123   184   207
GIL2H1U 1930   222   305   238   177   182   119   166   166    93   117
GIL2H1U 1940   121   177   179   121   145   129    96    62    45    92
GIL2H1U 1950   108    53    58    66    55    49    62    59    95    89
GIL2H1U 1960    75    51   115   177   102    85    70    38    74    89
GIL2H1U 1970    91    38    96    83    42   108    74    76    68   121
GIL2H1U 1980    79    70    66    78    70    83   108   110   116    68
GIL2H1U 1990    72    74   100    53    64    68    21    61    61    53
GIL2H1U 2000    52    42     9    46    66    48    17    91    93   130
GIL2H1U 2010   106    36    93    34    76   152   999

GIL2H3S 1951   225   412   341   309   361   147   169   238   338
GIL2H3S 1960   331   287   456   336   212   222   284   155   173   142
GIL2H3S 1970   154    87   187   179   132   182   130    90   106   162
GIL2H3S 1980   166   187   139   218   150   175   162   144   167    82
GIL2H3S 1990    83   130   155    96    53    79    35    75    50    64
GIL2H3S 2000    54    46    37    66    64    91    24   108    83    82
GIL2H3S 2010   107    16    56    23    63    72   999

GIL2H5S 1950   115    76    30    97    74    52    37    52    68    76
GIL2H5S 1960    89   100   127   149   125   165   187   144   168   143
GIL2H5S 1970   191    76   170   133    61   206   102   144   132   146
GIL2H5S 1980    96   123    93   115   102   149   219   168   202   142
GIL2H5S 1990    47   137   180   157   140   200   102   229   187   183
GIL2H5S 2000   133   132    41   118   113   122    73   239   145   123
GIL2H5S 2010   162    32   228   119   136   251   999

GIL2H5U 1959    98
GIL2H5U 1960    94   105   152   145   116   157   216   163   166   128
GIL2H5U 1970   180    66   173   145    45   185    94   135   107   159
GIL2H5U 1980    88    96   111   121   103   107   132   141   184   103
GIL2H5U 1990    49   157   212   138    83   150   102   185   157   180
GIL2H5U 2000    93   104    25    93    91    98    55   214   130   106
GIL2H5U 2010   157    40   110    47    96   172   999

GIL5H5S 1962   166   192   126   146   159   190   193   197
GIL5H5S 1970   168   145   140   140   128   139   175   201   123   116
GIL5H5S 1980    78   138    98   131   166   136   179   159   217   113
GIL5H5S 1990   113   165   231   110   123   103    38   140   252   311
GIL5H5S 2000   183   375   155   299   263   231   178   398   315   302
GIL5H5S 2010   312   187   253   317   113   357   999

GIL5H5U 1959    70
GIL5H5U 1960    66   178   135   205   142   117   242   237   191   182
GIL5H5U 1970   198   145   121   134   138   148   158   148    95   126
GIL5H5U 1980    81   124   101   101   121   144   169   137   147   125
GIL5H5U 1990   126   148   192    97    85    90    56   157   218   251
GIL5H5U 2000   222   367   132   307   269   257   140   318   245   269
GIL5H5U 2010   338   142   191   161    93   292   999

GIL2L3U 1927   155   196   246
GIL2L3U 1930   226   342   168   139   190   168   158   137   202   247
GIL2L3U 1940   152   148   168   189   121    91   133   170   130    78
GIL2L3U 1950   267   170   140   174    66   131   207   183   191   114
GIL2L3U 1960   136   102   199   148   157   129    74    60   130   112
GIL2L3U 1970   118    43   155   125    45   200   146   123   151   227
GIL2L3U 1980   198   114    99   136   111   108   196   188   211   144
GIL2L3U 1990   149   147   191   137    65   116    41   113   182   169
GIL2L3U 2000    91    96    40    87    85    86    32   129    89    69
GIL2L3U 2010    69    38    90    54    79   148   999

GIL2L5S 1978   244   322
GIL2L5S 1980   250   197   244   185   185   265   305   223   231   215
GIL2L5S 1990   223   234   247   183   132   227   134   240   257   233
GIL2L5S 2000   139   214    80   127   198   149   112   202   248   179
GIL2L5S 2010   224   149   227   118   186   289   999
GIL2L5U 1982   258   227   228   314   362   237   246   179
GIL2L5U 1990   188   233   238   254   172   208   128   227   276   271
GIL2L5U 2000   159   261   114   183   189   176    89   278   274   265
GIL2L5U 2010   284   156   294   157   174   186   999

GIL2L7S 1941    84    35    21    39    65    54   110    98    81
GIL2L7S 1950    71    37    83    41    57   134   132   171   259   251
GIL2L7S 1960   229   113   185   189   236   298   333   327   341   338
GIL2L7S 1970   322   180   245   142    84   203   172   200   245   282
GIL2L7S 1980   271   256   213   245   218   270   298   198   159   157
GIL2L7S 1990    77   187   225   274   119   208    74   113   110   159
GIL2L7S 2000   153   181    72    96   113   140    36   136   136   144
GIL2L7S 2010   227   131   155   999

GIL4H3U 1960   113   126   206   183   219   243   200   162   150   127
GIL4H3U 1970   141   102   117   131    77    87    62   102    62   117
GIL4H3U 1980    57    94    79   123    86   137   171   145   148    60
GIL4H3U 1990    90    92   107    96    52    30    23    34    48    81
GIL4H3U 2000    13    22    22    28    22    32    30    51    35    36
GIL4H3U 2010    32    34    32    35    23    66   999

GIL5H1S 1934   161   150   173   231   266   207
GIL5H1S 1940   236   214   268   169    72    47   162   130   118   130
GIL5H1S 1950   188    79    53    84   123    36    38   136   134   162
GIL5H1S 1960   120    87   189   146   123   180   127    93   144   127
GIL5H1S 1970   119    49    81   108    40    78   104    83    87   133
GIL5H1S 1980    76    57    74   129   131   125   123   151   140   167
GIL5H1S 1990    79   125   106   125    68    49    83    53   106   111
GIL5H1S 2000    89    75    40    64    57    55    40   102    59    56
GIL5H1S 2010    53    38    46    32    19    45   999

GIL5H1U 1932   101   138   142   123    82   242   275   177
GIL5H1U 1940   208   193   230   147    66    45   168   128   122   132
GIL5H1U 1950   201    83    55    62   133    39    55   169   159   138
GIL5H1U 1960   135   157   212   167   140   229   140   132   167   136
GIL5H1U 1970   123    51   108   127    64   133   165   108   112   161
GIL5H1U 1980    89    59    81    97   134   135   129   165   172   227
GIL5H1U 1990    76   142   125   140    72    51    85    62   144   174
GIL5H1U 2000   114   133    44    68    83    55    38    93   100    66
GIL5H1U 2010    87    36    55    61    42    57   999

GIL5H7U 1976    35    47    40    42
GIL5H7U 1980    28    52    36    54    59    63    75    54    75    42
GIL5H7U 1990    22    56    74    54    92    98   100   141   181   277
GIL5H7U 2000   203   213   256   244   189   183   190   257   288   301
GIL5H7U 2010   264   179   127   179   118   223   999

GRA1H1U 1919    80
GRA1H1U 1920   102    99    82    99    79   108    78    94    71    82
GRA1H1U 1930    99   108    64    69    59    67    86    84    86    83
GRA1H1U 1940    98    82    74    86    66    86    65    62    70    58
GRA1H1U 1950    60    85    77   123   123    93   100    97    68    81
GRA1H1U 1960    76    76   162   184   209   241   180   123    73    65
GRA1H1U 1970   157   123   172   261   208   227   167   168   195   169
GRA1H1U 1980   146   136   152   150   106   121   214   155   141    89
GRA1H1U 1990    87   141   195   240   223   254   195   163   174   214
GRA1H1U 2000   149   134   100   109   115   140   155   234   223   182
GRA1H1U 2010   146   176   107   116   133   134   999

GRA1H3S 1907   209   158   126
GRA1H3S 1910    98   166   105   130   174   127   136   120   121   103
GRA1H3S 1920    80    81    53    57    58    82   103   124   111    92
GRA1H3S 1930    81    65    61    86    64    58    55    51    51    43
GRA1H3S 1940    60    66    50    75    58    52    22    36    54    49
GRA1H3S 1950    76   109   133   129   127    90    63   125   158   207
GRA1H3S 1960   153   118   150   162   154   235   250   157   178   276
GRA1H3S 1970   361   170   223   231   140   184   213   185   194   178
GRA1H3S 1980   230   285   297   347   310   234   326   209   246   155
GRA1H3S 1990   168   191   201   172   211   266   243   309   362   434
GRA1H3S 2000   224   136    72   131   254   237   351   608   733   616
GRA1H3S 2010   478   491   347   330   324   407   999

GRA1H5U 1970   182   123   198   234   237   286   287   298   299   283
GRA1H5U 1980   220   246   276   298   215   191   198   191   193   123
GRA1H5U 1990   144   163   226   158   241   189   154   169   171   195
GRA1H5U 2000   171   186    67   124   102   109   105   211   328   352
GRA1H5U 2010   298   319   299   388   327   443   999

GRA1L1S 1931   127   170   171   101   110   111   130   105   102
GRA1L1S 1940   130   109   105   125   100    84    95    75    73    87
GRA1L1S 1950    86    77   111   113   115    61    65    91   107   108
GRA1L1S 1960   107    97   140   120   160   132   124    90    77   135
GRA1L1S 1970   133    68    87   125   142   172   183   181   177   209
GRA1L1S 1980   174   217   251   241   179   226   273   253   267   159
GRA1L1S 1990   172   201   256   224   178   212   155   205   172   163
GRA1L1S 2000    72   127    36   113   111   110    54   121   114   123
GRA1L1S 2010    88    65    99    91    52    93   999

GRA1L1U 1923   110   110    87    82   116    90    84
GRA1L1U 1930   133   108    93    79    81    88    62   113    58    76
GRA1L1U 1940    98   106    61    86   111    87    82    71    52   107
GRA1L1U 1950   102    80   130   101   104    52    60    79    66    85
GRA1L1U 1960   106    94   130   132   135   154   146   107    96   117
GRA1L1U 1970   143    78    84   123   147   172   176   183   154   190
GRA1L1U 1980   177   205   184   182   167   164   202   206   253   147
GRA1L1U 1990   168   219   265   236   196   207   135   176   131   214
GRA1L1U 2000   111   113    42   128   130   131    86   146   144   155
GRA1L1U 2010   106    86    95    82    42    57   999

GRA2H7U 1963   503   523   508   397   390   374   454
GRA2H7U 1970   395   229   321   347   341   362   337   303   274   328
GRA2H7U 1980   288   415   392   406   284   299   550   325   441   296
GRA2H7U 1990   254   245   403   271   226   275   309   172   291   392
GRA2H7U 2000   270   237   248   314   289   225   259   357   460   481
GRA2H7U 2010   352   348   235   162   200   372   999

GRA2L1S 1941   103    89   115    87    71    43    58    49   101
GRA2L1S 1950   105    96    96    86    82    74    32    54    40    57
GRA2L1S 1960    50    60    82    74    58    65    88    66    63    56
GRA2L1S 1970    52    42    80    72    83    69    61    61    50    70
GRA2L1S 1980    71   102    76    66    42    65    71    54    97    44
GRA2L1S 1990    67    41    75    83    71    92   109    64    96   104
GRA2L1S 2000   119    95    59    88    88    88    95   146   211   170
GRA2L1S 2010   164   140   139    87   108   119   999

GRA2L1U 1940    93    76    59    87    53    40    30    28    32    40
GRA2L1U 1950    47    57    66    53    49    40    21    30    25    32
GRA2L1U 1960    26    45    87    83    61    65    83    50    45    39
GRA2L1U 1970    64    67    82    78    85    64    77    68    54    65
GRA2L1U 1980    62   102    97    71    39    67   104    81   118    58
GRA2L1U 1990    82    76    77    75    94    76    67    74   108   143
GRA2L1U 2000   117   114    80   138   170   121   145   178   243   232
GRA2L1U 2010   209   192   186   154   149   149   999

GRA1H3U 1907   162   144   155
GRA1H3U 1910   169   320   267   264   250   166   154   111   132    89
GRA1H3U 1920    93    94    58    65    62    63   108   125    86    93
GRA1H3U 1930    79    94    53    70    40    58    39    51    55    49
GRA1H3U 1940    88    53    58    63    41    52    37    34    45    65
GRA1H3U 1950    83   108    53   100    91    76    49    97   131   112
GRA1H3U 1960   129   133   129   165   189   282   265   172   227   222
GRA1H3U 1970   316   121   206   167   131   100    97   138   161   155
GRA1H3U 1980   136   203   261   182   195   155   174   136   169   123
GRA1H3U 1990   152   172   248   354   417   402   263   296   284   354
GRA1H3U 2000   265   172    81   131   248   210   227   493   642   527
GRA1H3U 2010   379   326   180   189   189   216   999

GRA1H9U 1908   261   234
GRA1H9U 1910   273   152   247   173   141   219   174   123    78    98
GRA1H9U 1920   140    32    36    32    30    61    87   134    96    75
GRA1H9U 1930    87   109   105   101    69    82    76    96    94    81
GRA1H9U 1940   167   175    86   122    95    54    28    45    51   103
GRA1H9U 1950    81    62   106    92   102    76    64    94    88    49
GRA1H9U 1960    83    56   150    83   116   178   172   153   124    85
GRA1H9U 1970    71    53    87   110    55    87    66   113   137   145
GRA1H9U 1980   115   125   110   130    69    78    95    77    67    37
GRA1H9U 1990    35    61    54    48    57    79   100   106   157   150
GRA1H9U 2000    89   140    17    78    91    96    95   155   193   180
GRA1H9U 2010   132    88    74   110   116   141   999

GRA2H3S 1922    65    78    65    58    51    87    58    57
GRA2H3S 1930    67    82    82   130   101    84    72    62    79    65
GRA2H3S 1940    90    99    97   140    93    89    50    45    65    90
GRA2H3S 1950    65    67    61    65    79    46    32    54    42    30
GRA2H3S 1960    19    20    37    22    26    41    35    37    26    30
GRA2H3S 1970    34    15    26    36    15    37    34    40    52    54
GRA2H3S 1980    47    55    52    72    54    36    68    47    64    40
GRA2H3S 1990    76    66    86    89    77    84    49    32    56    74
GRA2H3S 2000    72    90    43    90    73    80    79   220   430   379
GRA2H3S 2010   244   256   237   263   284   275   999

GRA2H3U 1940    91    91   130   202   135   100    48    42    41    88
GRA2H3U 1950    67    55    54    71    90    49    23    54    37    32
GRA2H3U 1960    25    26    45    32    40    58    54    54    54    51
GRA2H3U 1970    62    26    43    45    51    67    90    82    58    70
GRA2H3U 1980    58    82    83    74    60    49    79    49    64    34
GRA2H3U 1990    68    68    56   104    51    52    40    38    77   100
GRA2H3U 2000   100    64    28    55    57    60    49   117   120   121
GRA2H3U 2010   115   120   111   123   117   117   999

GRA2H5S 1960    34    96    42    77   101    77    70    68    99   217
GRA2H5S 1970   143    48    57   159    25   179   195   178   168   290
GRA2H5S 1980   210   182   122   218   147   113   205   199   260   145
GRA2H5S 1990   145   207   227   208   167   207   230   251   390   400
GRA2H5S 2000   337   227   127   190   300   252   286   535   847   933
GRA2H5S 2010   517   541   484   498   544   591   999

GRA2H5U 1941    86   137   119    83    43    16    20    30    42
GRA2H5U 1950    43    49    43    30    33    51    45    34    28    54
GRA2H5U 1960    83   110   172   299   345   308   218   247   205   237
GRA2H5U 1970   246   131   210   246   220   265   256   271   210   157
GRA2H5U 1980   134   147   210   292   214   212   315   188   216   151
GRA2H5U 1990   146   256   340   321   262   292   240   225   326   372
GRA2H5U 2000   356   320   296   510   517   385   430   707   787   768
GRA2H5U 2010   488   449   440   468   570   595   999

GRA2L7S 1918   222   106
GRA2L7S 1920   196   178   167    96   149   139   223   162   177   250
GRA2L7S 1930   197   201   186   167   149   156   129   134   156   266
GRA2L7S 1940   201   157   183   133    99    97    68    68   135   112
GRA2L7S 1950    74    92    98    87    85    50    85    45    39    11
GRA2L7S 1960    12    29     9    19    53    42    38    23    17    46
GRA2L7S 1970    42    23    61    46    54    65    57    69    36    64
GRA2L7S 1980    46    77    50    69    54    50   106    75    90    78
GRA2L7S 1990    65    56   101    65   100    59    76    44    62    65
GRA2L7S 2000    54    51    37    47    46    39    39    46    46    57
GRA2L7S 2010    44    48    59    47    55    68   999

GRA1L5U 1941   533   495   489   415   356   315   362   255   282
GRA1L5U 1950   274   273   315   299   367   362   310   422   394   377
GRA1L5U 1960   250   231   279   267   294   273   203    76    51   123
GRA1L5U 1970   237   324   413   254   290   303   290   262   221   303
GRA1L5U 1980   275   343   281   209   164   157   275   232   275   239
GRA1L5U 1990   221   198   227   250   308   418   327   284   210   232
GRA1L5U 2000   167   101   127   130   134   150   151   203   121    87
GRA1L5U 2010    89   168   121   123   116   117   999

GR1H10S 1910   121   180   135   157   201   165   156    93    83    51
GR1H10S 1920    51    56    40    74    65    79    70   120    88   113
GR1H10S 1930    99   127   115   133   105   106   101   105    91   108
GR1H10S 1940   113   111    88   111    86    46    41    43    61    59
GR1H10S 1950    64    82    76    82    86   106    98   124   121    78
GR1H10S 1960    97    94   131   191   171   183   148   130    91   141
GR1H10S 1970   125   129   181   218   226   173   192   183   215   189
GR1H10S 1980   154   131   127   117   143   172   231   225   184   124
GR1H10S 1990   129   159   170   224   253   288   233   178   240   182
GR1H10S 2000   130   119    76   129   140   129    70   129   176   178
GR1H10S 2010   133   129   148   170   169   199   999

GRA1L7U 1974   120   174   187   319   189   270
GRA1L7U 1980   184   228   231   151   277   174   287   222   284   180
GRA1L7U 1990   302   224   257   222   199   199   199   148   241   294
GRA1L7U 2000   218   205   122   225   207   220   141   252   198   170
GRA1L7U 2010   142   132   216   159   199   220   999
GRA2H1U 1961   255   319   286   274   395   534   504   518   647
GRA2H1U 1970   578   233   335   352   488   479   474   617   641   641
GRA2H1U 1980   516   453   417   359   316   482   518   369   513   406
GRA2H1U 1990   376   567   538   578   428   512   396   443   599   564
GRA2H1U 2000   377   269   239   273   273   258   186   404   593   368
GRA2H1U 2010   246   277   307   243   191   233   999

GRA2H9U 1945   201   180   195   176   208
GRA2H9U 1950   248   201   258   247   287   176   154   290   297   374
GRA2H9U 1960   557   588   563   674   703   546   437   377   293   271
GRA2H9U 1970   270   190   259   372   358   384   423   396   377   362
GRA2H9U 1980   322   362   343   369   349   282   383   256   294   155
GRA2H9U 1990   142   154   226   210   221   216   276   289   297   384
GRA2H9U 2000   242   202   140   223   284   296   291   332   311   274
GRA2H9U 2010   209   241   264   307   266   280   999

GUM1H3S 1918    99    83
GUM1H3S 1920    65   141   140   154    60    78    55    98   135    86
GUM1H3S 1930   118   134   139    94    65    79    87    53    52   120
GUM1H3S 1940    34    67   103    69    59    46    56    60    69    57
GUM1H3S 1950    90    49    45    32    25    28    41    66    58    34
GUM1H3S 1960    49    57    45    30    13    15    73    51   100    53
GUM1H3S 1970    68    30    30    70    19    17    70    62    62    72
GUM1H3S 1980    55    34   135    72    64    77    77    81    98    94
GUM1H3S 1990    56   145    88    64    25    56    52    45    56    37
GUM1H3S 2000    36    47    15    20    56    47    43    72    26    20
GUM1H3S 2010    34    17    41    39    52   159   999

GUM1H3U 1925   142    63   100   165    87
GUM1H3U 1930   105   136   148    88    58    52    75    39    28    81
GUM1H3U 1940    23    76   149    74    93    60    68    86    92   102
GUM1H3U 1950   116    92    76   110    65    66    13    97   102    80
GUM1H3U 1960    55    86   141   118    98    26    92    77   147    91
GUM1H3U 1970   128    45    38    77    17    36    77    70    83    85
GUM1H3U 1980    88    34   197    98    84   127   114   155   172   153
GUM1H3U 1990    79   153   123    97    28    87    62    91    85    85
GUM1H3U 2000    59    87    19    36    76    61    38    97    30    38
GUM1H3U 2010    74    15    55    36   108   161   999

GUM1H5U 1910    86   103    86    67    15    22    43    59    65    91
GUM1H5U 1920    58   128   102   111    51    50    45    49    64    61
GUM1H5U 1930    89    77    87    57    42    63    51    42    33    31
GUM1H5U 1940    29    42    83    62    51    42    33    51    45    62
GUM1H5U 1950    56    30    37    35    21    24    12    26    49    46
GUM1H5U 1960    37    48    61    49    45    20    78    58   104    51
GUM1H5U 1970   112    54    27    65    48    95    84    42    38    44
GUM1H5U 1980    17    77    48    49    56    60    74    81    82    25
GUM1H5U 1990    33    64    76    67    39    58    41    46    43    42
GUM1H5U 2000    48    68    14    39    37    40    18    61    57    51
GUM1H5U 2010    58    35    66    67    86   171   999

GUM1H7S 1961    28    46    51    40    34    71    67    90    92
GUM1H7S 1970   134    32    26    75    43   102   113    92   104   105
GUM1H7S 1980    53   126    66    99   125   108   163   159   197    51
GUM1H7S 1990    66   220   191   116    49    90    96   119   132    93
GUM1H7S 2000    69    98    36    49    79    73    41    94    61    74
GUM1H7S 2010   140    21   117    55   111   189   999

GUM1L7U 1930    72    78    92    57    68    90    48    49    29   167
GUM1L7U 1940    86   160    75    23    84    92   103    58    57    64
GUM1L7U 1950    87    44    20    64    34    48    81   120    94   104
GUM1L7U 1960    79   144    93    88    63    88   196   133   301   166
GUM1L7U 1970   264    78   147   190    85   118   136   121   125   176
GUM1L7U 1980   119   246    79   113   104   130   233   365   395    53
GUM1L7U 1990   121   184   188   172    49   114    66   116   234   115
GUM1L7U 2000    96   102    28    43    64    45    38   120    34    64
GUM1L7U 2010   111   158   133    68   131   210   999

GUM1H1S 1940    62   201   382   259   323   105    68   140   195   188
GUM1H1S 1950   126    46   190    77    73    19    17    13    34    45
GUM1H1S 1960    20    37    87    77    92    42   135   116   213   123
GUM1H1S 1970   248   102    82   137    77   114    88    64    80   115
GUM1H1S 1980    81   220   111   127   144   124   231   216   253    64
GUM1H1S 1990    49   105   149   122    62   108   101   101   130   127
GUM1H1S 2000    94    88    18    35    46    55    46    75    54    90
GUM1H1S 2010    86    55   160    68    96   176   999

GUM2H3S 1923    44    72   138    64    63   107   133
GUM2H3S 1930    87    64    89    80    62    39    71    35   117   185
GUM2H3S 1940   127   143    68    88    96    76    48    62    56    73
GUM2H3S 1950    68    17    17    48    46    22    19    21    64    74
GUM2H3S 1960    25    49    60    25    60    45    46    50   110    58
GUM2H3S 1970   102    28    15    81    33    67    89    73   109   113
GUM2H3S 1980    28   115    60    77   107   117   179   152   194    18
GUM2H3S 1990    24    98   104    64    20    57    46    64    68    62
GUM2H3S 2000    52    74    14    24    72    66    29    67    32    35
GUM2H3S 2010    15    34    78    49   108   206   999

GUM2H5S 1886   212    83   124   164
GUM2H5S 1890   308   158   311   138    99   156   156   196   225   161
GUM2H5S 1900   128   151   174   217    94   195    98    49   132   121
GUM2H5S 1910    74    47   117    59   117   178   140   123   154   140
GUM2H5S 1920   224   203   184    53    70    53    32   116   182   112
GUM2H5S 1930   159   178   193   159    85   112   155    83    68    94
GUM2H5S 1940    83   167   208   148   214   129   152   150   125   108
GUM2H5S 1950   114   108    69    69    34    28    28    66   103   121
GUM2H5S 1960    49    74   152   121    83    44   172   133   239   131
GUM2H5S 1970   263    76    74   185    70   212   214   101   105   206
GUM2H5S 1980    64   218   168   123   143   134   215   253   266    57
GUM2H5S 1990    57   227   235   102    36    74   112   100    53   112
GUM2H5S 2000    64    87    22    43    74   108    60   226   132   181
GUM2H5S 2010   207    49   136   105   112    62   999

GUM1H1U 1904   192   264   174   316   264   183
GUM1H1U 1910   309   267   182   395   176   320   429   401   351   265
GUM1H1U 1920   252   446   357   374   145   187   180   192   304   215
GUM1H1U 1930   226   265   299   250   174   174   199   144   142   186
GUM1H1U 1940   108   263   341   197   282   138   126   165   158   139
GUM1H1U 1950   195   113    44    32    17    32    25    21    32    43
GUM1H1U 1960    30    56    75    73    75    41   126   115   205   124
GUM1H1U 1970   235    83    93   133    68   120    85    84    91   127
GUM1H1U 1980    72   202    68   111   139    96   174   230   155    47
GUM1H1U 1990    68   141   174   131    43   102    91    88   124   148
GUM1H1U 2000   102   105    22    32    59   107   104    94    75   120
GUM1H1U 2010    67    30   111    51    85   168   999

GU1H9Se 1915    72    40    38    46    59
GU1H9Se 1920   125   105   219    45    90    64    45    86    60    95
GU1H9Se 1930    88   108    84    83   104    25   150    53    57    40
GU1H9Se 1940    27    24    66    85    51   119    72   136   172   168
GU1H9Se 1950   147    74    64    63    59    28    28    63    81    58
GU1H9Se 1960    59    68    76   123   112    40   142   104   182   112
GU1H9Se 1970   202    76   104   157   125   254   233   138   231   178
GU1H9Se 1980   123   323   161   206   259   214   246   210   257    79
GU1H9Se 1990    85   320   273   208   108   185   181   292   291   295
GU1H9Se 2000   176   213    90   134   253   138    68   291   143   176
GU1H9Se 2010   204   131    98   106    66   254   999

GU1H9Ue 1937    87   122   169
GU1H9Ue 1940    65    76    80   134   106    96   217    95   157   115
GU1H9Ue 1950   193   152    81    57    61    50    72    69    47    64
GU1H9Ue 1960    84   104   109    99    59    17    74    70    89    62
GU1H9Ue 1970    79    17    30    97    47   153   129   104   125   155
GU1H9Ue 1980    96   223   148   151   221   183   206   195   255    76
GU1H9Ue 1990    79   236   194   155    66   119   114   227   284   222
GU1H9Ue 2000   165   180    65    92   161   116   167   113   172   212
GU1H9Ue 2010   191    32    76   149    60   321   999

GU2H5Ue 1892   149   136   289   169   113   186   149   198
GU2H5Ue 1900   231   351   190    98   118   224    96   200   172   145
GU2H5Ue 1910   181    82    74   148    87   134   172   149   109   122
GU2H5Ue 1920   124   182   157   188    78   100    96    71   165   141
GU2H5Ue 1930   150   187   193   140    90   115   123   100    79   153
GU2H5Ue 1940    57   127   212   148   138    68    74   121   142   155
GU2H5Ue 1950   130   138    95   117    25    36    89    89    77    89
GU2H5Ue 1960    57    62   138   131   110    40   167   131   282   125
GU2H5Ue 1970   282    83    93   229    85   222   263   119    87   150
GU2H5Ue 1980    59   193   130   149   123   131   198   234   278    58
GU2H5Ue 1990    83   186   210   125    34   149    87    66    72    45
GU2H5Ue 2000    72    80    32    44   104   127    74   214   157   128
GU2H5Ue 2010   227    59   116   127   208   369   999

GU2H7Se 1929   208
GU2H7Se 1930   232   297   214   138   199    35   269   140   116   250
GU2H7Se 1940    68   175   236   117   184   102    94   110   104    87
GU2H7Se 1950    88    38    59    98    51    17    38    34   107    96
GU2H7Se 1960    40    79   125   136   159    75   189    99   213   113
GU2H7Se 1970    97    67    57   140    61   153   151    99    87   112
GU2H7Se 1980    48   186    86    98   122    90   182   216   243    75
GU2H7Se 1990    81   204   141   102    33    93    76    71    98   109
GU2H7Se 2000    64    91    19    45    80    56    50    89    55    69
GU2H7Se 2010   100    30    67    43    50   135   999

GU2H7Ue 1935    57   294   147   100   225
GU2H7Ue 1940    67   166   203   141   199   118   115   112    78    73
GU2H7Ue 1950    56    29    53    79    40    80    40    60   137   153
GU2H7Ue 1960    91    91   159   157   168    71   179   114   163    71
GU2H7Ue 1970    63    39    56   142    77   173   159    92    93    83
GU2H7Ue 1980    40   165    97    83   109    90   171   163   174    58
GU2H7Ue 1990    45   179   115    79    34    54    75    53    66    70
GU2H7Ue 2000    70    72    19    25    74    40    45    79    74    70
GU2H7Ue 2010    76    45    53    44    70   121   999

MOG1L5S 1940   226   210   167   196   179   163   108   138   116   145
MOG1L5S 1950   128   161   135   106   162   142   152   192   167   154
MOG1L5S 1960    92   127   185   209   211   214    97   172   145   196
MOG1L5S 1970   174   193   179   194   136   190   263   225   179   158
MOG1L5S 1980   167   190   176   226   153   160   162   128   149   100
MOG1L5S 1990   103   120   202   135   158   113   102   121   137   107
MOG1L5S 2000    68    71    32    72    67    88    71   116   170   172
MOG1L5S 2010   145   156   159   159   167   290   999

MOG1H5U 1942   227   151   178   142    83   140   151   223
MOG1H5U 1950   182   223   251   194   188   258   180   229   164   154
MOG1H5U 1960   153   133   196   198   246   270   246   326   223   223
MOG1H5U 1970   203   264   275   237   132   210   273   200   144   167
MOG1H5U 1980   144   229   182   237   159   188   155   151   150   112
MOG1H5U 1990   157    89   129   121   174   131    78   102   102    68
MOG1H5U 2000    79    72    40    68    64    81    72   104   125   125
MOG1H5U 2010    96   123    99   119   105   225   999

MOG1L1S 1940   210   287   170   105   187   165   117   149   112   184
MOG1L1S 1950    46    70   129    96   123   145    97   178   117    73
MOG1L1S 1960   112   142   160   161   192   269   169   270   146   166
MOG1L1S 1970   119   109   119   164    95   182   176   142   117    96
MOG1L1S 1980   110   206   195   202   130   136   125   114   133    87
MOG1L1S 1990   119    81   163   102   153   108    79    70    72    96
MOG1L1S 2000    59    66    34    64    49    64    38    57    95   111
MOG1L1S 2010    74   131   100    83   102   142   999

MOG1H7S 1926   114   300   208   179
MOG1H7S 1930   270   331   250   275   199   188   147   149   191   131
MOG1H7S 1940   200   254   219   161   148   174    88   127    94   187
MOG1H7S 1950   117   120   143   159   168   229   145   208   151   147
MOG1H7S 1960   108   123   149   215   215   217   186   276   253   302
MOG1H7S 1970   191   302   202   204   102   126    60    86   104   123
MOG1H7S 1980   135   172   182   233   178   210   246   220   204   147
MOG1H7S 1990   170    98   185    87   147    98    81    87    87   126
MOG1H7S 2000    51    53    45    62    69    94    49    76   128   128
MOG1H7S 2010   107   147   118   105    79   177   999

MOG1L1U 1942   204   136   190   241   157   206   183   206
MOG1L1U 1950    71    51   105   130   153   190   161   331   218   195
MOG1L1U 1960   171   198   178   164   182   194   168   255   122   152
MOG1L1U 1970   111   158   138   137    67   124   161   135   120   117
MOG1L1U 1980   131   235   222   197    83   136   108   102   123    91
MOG1L1U 1990   121    95   150    75   150    91    66    79    87    97
MOG1L1U 2000    53    51    60    49    42    76    57    87   112   191
MOG1L1U 2010   102   133   121   116    95   144   999

MOG1L9S 1948   294   321
MOG1L9S 1950   261   232   268   243   244   224   171   249   242   310
MOG1L9S 1960   312   350   366   345   359   377   338   334   265   296
MOG1L9S 1970   289   304   326   236   201   191   222   213   198   243
MOG1L9S 1980   197   287   268   175   165   167   176   202   186   225
MOG1L9S 1990   189   153   191   170   201   184   117   111   117   117
MOG1L9S 2000    91   111    46   101   110   125   104   112   124   128
MOG1L9S 2010   111   133   120   106   100   120   999

MOG1L9U 1947   257   260   242
MOG1L9U 1950   223   222   251   189   282   274   196   280   295   305
MOG1L9U 1960   316   368   395   401   373   396   346   351   265   270
MOG1L9U 1970   264   304   343   231   210   226   249   205   166   175
MOG1L9U 1980   182   294   287   169   166   150   168   156   176   191
MOG1L9U 1990   158   139   179   140   155   138    88    60    81    95
MOG1L9U 2000    71    58    26    75    75    94    70    86    98    84
MOG1L9U 2010    90    87    97    81    64   109   999

SAC3H3S 1984   460   288   317   220   345   165
SAC3H3S 1990   267   311   375   283   264   240   280   381   297   341
SAC3H3S 2000   265   316   255   225   300   267   275   452   265   312
SAC3H3S 2010   303   209   283   328   296   440   999

SAC3H3U 1987   321   413   195
SAC3H3U 1990   314   345   331   268   273   277   319   400   310   391
SAC3H3U 2000   233   331   285   295   366   329   295   495   330   385
SAC3H3U 2010   399   245   356   400   365   545   999

SAC3L3S 1956   273   358   363   256
SAC3L3S 1960   282   318   281   242   201   251   315   284   356   278
SAC3L3S 1970   245   109   166   175    90   159   153   134   108   113
SAC3L3S 1980    90   137   121    97   125   135   105    74    78    52
SAC3L3S 1990    70    78    74    52    76    82    60    94   117    88
SAC3L3S 2000    64    57    32    46    39    52    42    81    76   162
SAC3L3S 2010   232   201   291   247   347   513   999

SAC3L3U 1949   446
SAC3L3U 1950   463   454   565   388   233   326   207   308   321   225
SAC3L3U 1960   284   280   250   184   188   229   174   161   222   203
SAC3L3U 1970   155    57   136   180    66   159   144    80    91   112
SAC3L3U 1980   100   114   102    87   129   129   125    80    91    42
SAC3L3U 1990    78    85    76    59    61    40    32    61    70    72
SAC3L3U 2000    53    72    25    59    42    53    36   131   125   218
SAC3L3U 2010   199   152   286   288   324   479   999

SAC3H1S 1986   375   302   370   165
SAC3H1S 1990   236   294   352   303   332   193   256   390   282   356
SAC3H1S 2000   244   257    81    85   101   122   125   394   189   255
SAC3H1S 2010   187    76   137   142   137   237   999

SAC3H1U 1985   199   376   337   475   219
SAC3H1U 1990   358   362   419   387   377   278   343   397   348   421
SAC3H1U 2000   259   281   131   133   177   180   172   481   315   440
SAC3H1U 2010   246   124   180   206   227   325   999

SAC3H5S 1985   392   530   420   352   231
SAC3H5S 1990   445   514   546   490   502   390   278   423   401   539
SAC3H5S 2000   304   406   218   267   298   294   191   539   364   453
SAC3H5S 2010   367   224   198   164   357   337   999

SAC3H5U 1973   227   175   232   225   263   254   353
SAC3H5U 1980   305   388   347   336   417   407   542   442   475   231
SAC3H5U 1990   321   404   444   563   561   440   315   617   482   627
SAC3H5U 2000   432   447   238   254   227   265   227   496   487   630
SAC3H5U 2010   506   394   359   315   535   524   999

SAC3H7S 1998   261   372
SAC3H7S 2000   274   273   317   341   338   323   327   506   328   480
SAC3H7S 2010   521   320   442   392   419   593   999

SAC3H9S 1913   258   273   268   268   348   284   316
SAC3H9S 1920   253   181   147   231   206   114   213   209   207   220
SAC3H9S 1930   192   137   250   267    25   134   245   204   205   171
SAC3H9S 1940   268   250   145   224   151   146   115   132   193   191
SAC3H9S 1950   171   167   172   159    70   172   104   161   197   203
SAC3H9S 1960   201   195   144   165   174   146   138   138   144   146
SAC3H9S 1970   159    72    76    64    30    89    97    78   102   197
SAC3H9S 1980   123   231   172   157   216   182   225   125   231   140
SAC3H9S 1990   171   155   152   177   146   148   113   171   167   189
SAC3H9S 2000    91   114    54    95   104    98   104   159   110   134
SAC3H9S 2010    97    33    59    42    66    92   999

SAC3H9U 1933   274    51   183   276   212   223   237
SAC3H9U 1940   312   279   190   280   154   178   154   208   223   227
SAC3H9U 1950   174   170   222   235   133   211   118   145   206   192
SAC3H9U 1960   239   190   164   151   162   177   213   171   196   206
SAC3H9U 1970   159    24    72    62    19    36    81   142   122   151
SAC3H9U 1980    98   141   157   149   155   147   188   142   157   140
SAC3H9U 1990   148   155   204   234   254   171   117   275   241   320
SAC3H9U 2000   157   212    94   158   182   167   134   235   157   231
SAC3H9U 2010   201   129   146   138   108   142   999

SAC3L1S 1900    75    94    78    66    62   110    50    68   100   126
SAC3L1S 1910   121   258   221   241   345   149   144   204   260   319
SAC3L1S 1920   292   232   177   251   199   127   249   160   104   128
SAC3L1S 1930   142   231   314   301   121   209   230   273   262   208
SAC3L1S 1940   142   145   172   283   186   155   243   240   320   286
SAC3L1S 1950   237   205   261   234    77   133   117   179   224   222
SAC3L1S 1960   269   283   235   224   175   198   160   174   152   182
SAC3L1S 1970   235   188   192   264   200   340   247   205   155   271
SAC3L1S 1980   219   333   245   192   182   139   186   130   155   113
SAC3L1S 1990   138   132   158   178   162   170   137   140   143   169
SAC3L1S 2000   132   105    85    93    88    83    72    80    68    84
SAC3L1S 2010    64    51    49    53    68    47   999

SAC4H1S 1929   263
SAC4H1S 1930   335   332   499   379   170   563   644   560   649   410
SAC4H1S 1940   675   676   360   708   378   239   450   289   364   466
SAC4H1S 1950   527   404   654   476   184   451   196   328   465   466
SAC4H1S 1960   441   300   320   262   289   292   282   211   254   256
SAC4H1S 1970   326   184   410   356   149   263   268   221   247   408
SAC4H1S 1980   212   364   307   322   358   275   360   236   268   126
SAC4H1S 1990   231   195   194   222   123   181   151   285   166   285
SAC4H1S 2000   189   208   109   177   229   213   134    52    34    70
SAC4H1S 2010   117    58    76    74   110   167   999

SAC3L5S 1944   319   314   423   452   539   491
SAC3L5S 1950   535   420   431   397   240   390   351   446   515   448
SAC3L5S 1960   497   443   462   406   449   496   500   493   379   276
SAC3L5S 1970   208   209   173   180   189   275   208   172   211   257
SAC3L5S 1980   233   230   197   168   134   116   193   129   140   147
SAC3L5S 1990   166   171   114   117   135   141   112   152   125   125
SAC3L5S 2000   104    68    56    69    58    58    43    56    32    60
SAC3L5S 2010    45    63   108   100    63    77   999

SAC4H5S 1934   100   138   286   178   197   169
SAC4H5S 1940   212   220   138   225   154   131   216   159   237   174
SAC4H5S 1950   172   146   294   182   108   237   108   208   358   233
SAC4H5S 1960   216   150   155   127   163   241   191   112   116   178
SAC4H5S 1970   133    72   144   150    51   178   237   121   108   174
SAC4H5S 1980    91   199   151   125   187   129   138    78   116    68
SAC4H5S 1990   117   144   180   165    91   163   116   151   152   259
SAC4H5S 2000   178   117    85   104   127    81    87   150   126   191
SAC4H5S 2010   151   119   159   151   152   138   999

SAC4H5U 1942   160   278   146   106   189   187   265   236
SAC4H5U 1950   231   144   256   175    99   222   102   121   197   180
SAC4H5U 1960   194   125   151    90   180   197   302   139   187   115
SAC4H5U 1970    61   100   144    47    19   139   198    97    88   135
SAC4H5U 1980    80   147    96   106   135   103   122    59   111    69
SAC4H5U 1990    79   107   132   103    69   129   115   183   149   226
SAC4H5U 2000   199   121   127   103   109    99    83   168   170   218
SAC4H5U 2010   261   164   197   170   184   192   999

SAC3L9S 1956   148   199   229   158
SAC3L9S 1960   231   199   173   164   175   189   186   239   273   265
SAC3L9S 1970   226   243   185   239   161   204   266   248   240   284
SAC3L9S 1980   176   372   454   295   297   255   266   195   204   127
SAC3L9S 1990   126   112   122   113    90    75    51    96    96   105
SAC3L9S 2000    51    64    38    51    32    30    34    36    30    24
SAC3L9S 2010    24    21    47    36    41    62   999

SAC4H1U 1920   391   292   243   277   396   200   410   279   281   312
SAC4H1U 1930   341   292   388   419   265   604   599   436   473   387
SAC4H1U 1940   699   623   307   501   338   250   386   277   401   455
SAC4H1U 1950   451   245   553   476   164   381   192   361   438   468
SAC4H1U 1960   397   309   324   245   294   408   322   172   253   222
SAC4H1U 1970   286   208   344   263   177   347   300   203   204   276
SAC4H1U 1980   193   369   343   285   320   250   437   213   358   148
SAC4H1U 1990   216   207   195   237   182   306   207   387   236   225
SAC4H1U 2000   214   215    86   204   166   156   128    78    21    45
SAC4H1U 2010    80    52    86    23    57   139   999

SED1H1S 1881   117   205   235   229   262   126   152   155   116
SED1H1S 1890   140   134   113    81    32   161    59   106   177    59
SED1H1S 1900    45   144    83   125    68   104   148   210   176    95
SED1H1S 1910    95   184   159   121   187   234   126   166   146   208
SED1H1S 1920   142   131    86    77   114    62   187   169   133   111
SED1H1S 1930   162   173   161   233    96   183   117   169   149    98
SED1H1S 1940   119   193   113   127   134    96    68    98   153   131
SED1H1S 1950    59    32   138    80    59    78    70   151   150    96
SED1H1S 1960   191   142   155    83   112   204   131    75   166   178
SED1H1S 1970   183    75   114   136    49   157    91    95   106   140
SED1H1S 1980    70    93    89   157   121   131   235   155   121    40
SED1H1S 1990   108   114   142   104   125   129    44    79   147   168
SED1H1S 2000    51    47    17    49    59    49    27    51    89    91
SED1H1S 2010    63    19    49    30    13    24   999

SED1H1U 1951    40    99    57    58    66    66   121   122    81
SED1H1U 1960   131   132   117    83    98   174    96    73   146   153
SED1H1U 1970   161    91    98   119    60   185    95   108   108    89
SED1H1U 1980   102    79    82    68   126   111   115   157   105   113
SED1H1U 1990    36   102   127   173    89    96    82    37    84    87
SED1H1U 2000   112    51    43    66    40    53    22    63   106    80
SED1H1U 2010    54    13    24    25    24    24   999

SED1H3S 1898   268   183
SED1H3S 1900   128   278   126   215   108   162   230   305   236   233
SED1H3S 1910   199   278   236   220   333   287   175   244   258   308
SED1H3S 1920   194   208   116   125   130   138   179   178   136   130
SED1H3S 1930   204   177   243   271    92   136   123   145   111   110
SED1H3S 1940   128   192   139   216   175   107    86   122   142   198
SED1H3S 1950    79    38   159    72   118    41    32   102   101   106
SED1H3S 1960   233   192   245   170   205   266   113   126   199   168
SED1H3S 1970   198    91   109   206    81   164   134   134   101   145
SED1H3S 1980   145   334   215   319   238   225   329   223   240   125
SED1H3S 1990   143   197   176   216   174   161   110   169   148   212
SED1H3S 2000    93   129    30    97    79    91    43    98   157   127
SED1H3S 2010    87    83   138    79    72   183   999

SED1H3U 1908   231   194
SED1H3U 1910   183   260   201   219   347   348   242   328   278   328
SED1H3U 1920   223   224   139   130   166   142   230   226   235   251
SED1H3U 1930   302   233   290   268   101   220   183   204   174   134
SED1H3U 1940   174   298   137   222   178   140   108   183   208   216
SED1H3U 1950   122    52   186   125   141    48    62   115   155   131
SED1H3U 1960   145   235   182   208   123   173   234   171   186   146
SED1H3U 1970   223   122   109   190    66   203   103   148    97   130
SED1H3U 1980    99   221   140   272   211   154   258   143   130   116
SED1H3U 1990   107   137   175   159   130   120   124   106    90   160
SED1H3U 2000    72    81    47    78    53    76    34    80    87    76
SED1H3U 2010    49    61    66    49    21    19   999

SED1H5U 1933   109   199   208   241   225   139   185
SED1H5U 1940   238   173   237   176   107    68    36   127   265   193
SED1H5U 1950   146    62   174   134   171   104   179   301   193   107
SED1H5U 1960   191   168   160   121   157   214   152    71   205   172
SED1H5U 1970   220    99    52   163    97   236   128    95    99   106
SED1H5U 1980    88   114    47    75   143   222   201   193   129   136
SED1H5U 1990   165    94   121   191   161   132    98   128   137   178
SED1H5U 2000    98    79    35    90    84    66    30    80   109   108
SED1H5U 2010    88    54    67    54    41    30   999

SED1H7S 1971   269   191   387   248   348   310   314   290   351
SED1H7S 1980   212   281   237   364   301   363   582   288   330   150
SED1H7S 1990   253   232   343   205   265   203    96   284   193   345
SED1H7S 2000   261   214    81   183   125   140    47   177   226   190
SED1H7S 2010   156    96   121   124    79   278   999

SED1H7U 1966   132   159   343   400
SED1H7U 1970   396   235   201   360   220   322   280   301   228   294
SED1H7U 1980   213   287   219   342   283   276   492   281   298   139
SED1H7U 1990   181   232   375   219   245   274   177   252   208   322
SED1H7U 2000   177   209    66   156   141   117    38   154   146   207
SED1H7U 2010   115    69   147    87    73   239   999

SED1L1S 1980    94    83   183   240   334   337   306   204   363   266
SED1L1S 1990   253   397   356   329   223   450   173   470   533   400
SED1L1S 2000   170   234    73   244   287   362   102   293   385   337
SED1L1S 2010   273   147   151    83    75   276   999

SED1L1U 1985   362   240   134   287   174
SED1L1U 1990   195   392   445   475   429   571   299   602   580   434
SED1L1U 2000   216   335   106   270   330   445   133   268   402   392
SED1L1U 2010   354   150   252   133   108   345   999

SED1L3S 1945    49    41    48   106   153
SED1L3S 1950   146   100   212   241   201   224   202   325   193   251
SED1L3S 1960   316   250   225   178   250   372   215   146   238   201
SED1L3S 1970   262   147   165   319    94   194   154   166   155   189
SED1L3S 1980   165   187   308   376   372   347   441   289   291   116
SED1L3S 1990   203   238   211   176   134   184    73   188   144   203
SED1L3S 2000    64   145    20    85    85    83    47    91   104   153
SED1L3S 2010    70    45    30    30    34    68   999

SED1L3U 1946    56   111   195   181
SED1L3U 1950    74    56   238   262   189   238   258   370   200   225
SED1L3U 1960   284   281   221   164   263   379   233   130   242   272
SED1L3U 1970   284   166   139   231   123   287   208   200   301   313
SED1L3U 1980   233   288   169   337   373   317   380   398   398   166
SED1L3U 1990   297   278   306   225   157   195    78   169   182   256
SED1L3U 2000    76   174    53   157   113   107    54   108   178   121
SED1L3U 2010   104    66    47    38    45    72   999

SED1L5S 1939   382
SED1L5S 1940   845   711   502   701   374   348   404   436   638   593
SED1L5S 1950   284   104   373   233   216   254   294   455   428   311
SED1L5S 1960   439   286   273   178   282   424   397   210   417   419
SED1L5S 1970   301   163   225   435   229   516   246   210   313   420
SED1L5S 1980   354   321   461   488   417   453   385   422   324   140
SED1L5S 1990   203   250   344   415   251   316   142   258   309   306
SED1L5S 2000   106   168    34   105    87   111    38   110   185   115
SED1L5S 2010   247   138   161    69    38    35   999

SED1L5U 1936   507   460   522   538
SED1L5U 1940   649   706   442   653   324   267   339   529   738   537
SED1L5U 1950   261   104   319   251   206   241   315   460   371   273
SED1L5U 1960   449   349   362   250   411   411   375   205   388   453
SED1L5U 1970   473   216   419   244   476   250   224   305   264   405
SED1L5U 1980   295   364   432   226   389   367   285   325   279   134
SED1L5U 1990   191   297   401   408   226   302   118   243   270   237
SED1L5U 2000    97   195    38   125   111   133    42    85   193    99
SED1L5U 2010   186   108   147    67    17    62   999

SED1L7S 1947   443   554   541
SED1L7S 1950   408   272   488   387   375   362   360   433   325   280
SED1L7S 1960   313   283   252   189   240   315   300   154   279   318
SED1L7S 1970   263   232   238   249   205   235   188   169   206   292
SED1L7S 1980   191   218   227   297   260   255   264   262   263   191
SED1L7S 1990   214   247   339   265   195   199   123   176   144   205
SED1L7S 2000   136   129    47   126    87    94    43    77   134   100
SED1L7S 2010   113    57   116    25    28    32   999

SED1L7U 1953   373   403   377   370   392   357   289
SED1L7U 1960   357   297   315   255   277   387   323   220   312   393
SED1L7U 1970   401   277   301   266   271   343   267   271   233   275
SED1L7U 1980   254   274   261   311   321   303   412   312   298   183
SED1L7U 1990   189   213   323   276   208   216   144   176   155   234
SED1L7U 2000   123   159    51   136    82   138    43   136   151   104
SED1L7U 2010   110    57   132    42    22    30   999

SED1L9S 1950   290   123   376   239   196   202   284   302   241   175
SED1L9S 1960   240   282   251   194   250   282   221   120   255   356
SED1L9S 1970   312   165   233   275   195   237   341   269   356   361
SED1L9S 1980   284   365   384   386   448   543   566   447   434   180
SED1L9S 1990   201   275   381   313   316   347   182   280   244   331
SED1L9S 2000   129   170    36   123   121   182    55   114   195   155
SED1L9S 2010   216    59    47   197    64    32   999

SED1L9U 1951   112   347   231   170   185   240   257   216   143
SED1L9U 1960   216   214   223   159   212   282   229    93   218   356
SED1L9U 1970   413   176   140   227   213   405   284   184   265   381
SED1L9U 1980   250   393   326   325   272   341   305   280   364   208
SED1L9U 1990   242   280   356   247   200   211   138   245   213   285
SED1L9U 2000   134   212    41    98   108   126    47    87   153   110
SED1L9U 2010   164    47    45   170    36    34   999

SED2L1S 1951   312   276   575   415   447   387   484   622   422
SED2L1S 1960   433   220   332   185   384   561   557   406   693   600
SED2L1S 1970   587   349   405   514   259   486   383   292   377   456
SED2L1S 1980   479   562   601   666   371   421   418   374   453   214
SED2L1S 1990   255   476   438   282   281   485   205   398   372   461
SED2L1S 2000   168   231    75   172   154   148    92   151   211   213
SED2L1S 2010   228   116   231    67    45    38   999

SED2L1U 1955   488   549   731   533   358
SED2L1U 1960   408   313   517   305   449   485   307   267   588   531
SED2L1U 1970   508   307   445   487   241   489   351   345   339   453
SED2L1U 1980   404   470   438   571   447   635   683   549   487   254
SED2L1U 1990   292   409   449   292   272   397   169   308   306   348
SED2L1U 2000   145   206    64   154   155   215   113   276   356   310
SED2L1U 2010   258   145   290    89    61    40   999

SED2L3S 1953   198   242   272   280   251   230   171
SED2L3S 1960   236   247   272   287   360   372   256   159   257   320
SED2L3S 1970   282   176   225   251   149   276   164   205   205   202
SED2L3S 1980   116   173   147   212   176   182   248   250   172   107
SED2L3S 1990   201   212   222   163   133   126    72   141   176   126
SED2L3S 2000    98   117    33    92    65    72    30    64    82    78
SED2L3S 2010    70    42   103    41    21    21   999

SED2L3U 1942   359   479   459   319   277   360   500   602
SED2L3U 1950   435   287   465   372   396   410   663   563   440   290
SED2L3U 1960   392   455   411   339   367   438   339   239   369   375
SED2L3U 1970   282   220   224   258   220   366   254   290   258   258
SED2L3U 1980   201   252   255   289   223   226   293   234   211   102
SED2L3U 1990   145   162   210   186   180   202    89   138   144   104
SED2L3U 2000    89   110    41    83    53    52    34    62    79    64
SED2L3U 2010    58    36    68    51    17    23   999

SED2L5S 1953    21    23    11    21    40    79    68
SED2L5S 1960    82    66    91    60   134   113    64    33    61    60
SED2L5S 1970    32    21    39    76    64    80    67    47    85    83
SED2L5S 1980    73    83    86    96    89    85    99   113   107    56
SED2L5S 1990    75   111   124   130   107   132    49    98   136   129
SED2L5S 2000    34    68    32    51    53   100    44   104   251   196
SED2L5S 2010   187    64   147    36    21    19   999

SED2L5U 1960    28    34    32    49    49    36    23    25    36    56
SED2L5U 1970    60    82    73    43    86    83   133    64    85    58
SED2L5U 1980    58    66    88   134   143   131   133   119   113    58
SED2L5U 1990    61   101   117   108    72   109    58    88   107    98
SED2L5U 2000    29    37    11    32    36    47    30    41    81    90
SED2L5U 2010   135    70    82    32    19    18   999

SED2L9S 1957   316   275   141
SED2L9S 1960   295   318   252   171   282   368   243   124   285   333
SED2L9S 1970   364   177   244   221   136   267   172    98   181   211
SED2L9S 1980   220   166   144   194   325   338   416   314   308   203
SED2L9S 1990   202   329   402   249   190   260    85   179   276   309
SED2L9S 2000   163   145    45   168   115   187    23   198   205   170
SED2L9S 2010   117    70   234    34    13    30   999

SED2L9U 1958   389   138
SED2L9U 1960   266   249   216    89   237   250   202   105   217   225
SED2L9U 1970   179    97   182   220    90   179   115    83   195   254
SED2L9U 1980   194   176   192   192   211   247   302   296   345   246
SED2L9U 1990   232   274   374   272   251   285    83   194   235   285
SED2L9U 2000   132   103    24   128   104   151    28   126   108    86
SED2L9U 2010    63    53   146    30    18    18   999

SIT1H1S 1907   213   276   296
SIT1H1S 1910   352   323   292   201   319   263   201   304   169   120
SIT1H1S 1920   225   172   204   158   205   176   127   169   172    92
SIT1H1S 1930   121   107   108   121    90   114   132   130   105    69
SIT1H1S 1940   141   119    89   119   109   109    79    99   103   103
SIT1H1S 1950    84    96   131    58    40   113    66    83   100    56
SIT1H1S 1960    77    81    68    83    55    83    32    72    79    77
SIT1H1S 1970   102    75    94    77    64    64    85    36    94   113
SIT1H1S 1980    49    60    75    77    72    77    62    51    60    77
SIT1H1S 1990   111    93    59    66    55    64    55    51    76    51
SIT1H1S 2000    66    68    38    72    55    47    42    45    27    61
SIT1H1S 2010    55    66    61    49    42    47   999

SIT1H7S 1878    40    47
SIT1H7S 1880    29    28    19    32    18    14    18    24    39    37
SIT1H7S 1890    40    22    48    39    44    40    40    20    27    29
SIT1H7S 1900    10    38    31     9    25    24    15    32    28    38
SIT1H7S 1910    48    64    63    59    58    48    24    50    53    42
SIT1H7S 1920    55    38    45    34    34    41    43    30    52    38
SIT1H7S 1930    34    34    24    33    21    32    24    26    26    26
SIT1H7S 1940    37    36    37    49    55    54    51    49    57    75
SIT1H7S 1950    26    44    68    24    21    51    32    38    40    40
SIT1H7S 1960    66    58    44    65    38    66    19    51    83    93
SIT1H7S 1970    85    85    78    53    45    70    78    36    74    72
SIT1H7S 1980    43    68   100    93    81    74    89    72   102   108
SIT1H7S 1990   131   140    74   100    76    93   111    72    96    70
SIT1H7S 2000    72    43    32    55    34    30    34    30    30    64
SIT1H7S 2010    70    57    76    58    59    57   999

SIT1H7U 1900    42    51    32    28    23    23    38    13    36    42
SIT1H7U 1910    61    95    87    80    87    72    36    83    70    70
SIT1H7U 1920    66    74    75    60    54    55    84    72   125    55
SIT1H7U 1930    90    52    49    69    37    77    37    46    54    33
SIT1H7U 1940    66    67    50    85    79    92    90    90   109   126
SIT1H7U 1950    51    77   128    49    24    98    62    55    62    49
SIT1H7U 1960    90   100    75   115    60   117    30    85   141   140
SIT1H7U 1970   120   138   144   102    74   117   132    49   123   117
SIT1H7U 1980    76   121   131   138   114   133   138   108   129   169
SIT1H7U 1990   178   210   100   123   112   136   155    91   174    85
SIT1H7U 2000   100    93    40    93    49    44    57    49    41   116
SIT1H7U 2010   106    83   127    83   106    74   999

SIT1H9S 1918    99   109
SIT1H9S 1920   199   168   195   144   137   148   121   114   139   114
SIT1H9S 1930   225   117    84   109    62    88    92    60    79    66
SIT1H9S 1940    96    90    58    81    79    71    47    83    85    64
SIT1H9S 1950    34    61   197   108    36    85    51    39    66    36
SIT1H9S 1960    57    83    62    62    51    79    26    79    93    76
SIT1H9S 1970   115   102   119    81    55    53    87    34    72    55
SIT1H9S 1980    38    62    93    87    64    89    76    55    77    70
SIT1H9S 1990    93   104    55    74    49    89    72    70    98    58
SIT1H9S 2000    68    53    43    62    49    45    51    43    25    51
SIT1H9S 2010    62    74    68    53    68    38   999

SIT1H9U 1921   166   213   142   168   152   121    92   167   122
SIT1H9U 1930   177   119    88   115    67    99    80    52    71    64
SIT1H9U 1940    83    60    44    78    83    56    56    74    74    62
SIT1H9U 1950    46    55   123    79    30    81    57    48    68    47
SIT1H9U 1960    70    70    61    93    59   100    43   104   113    96
SIT1H9U 1970    97    93   138   112    72    60    93    40    91    57
SIT1H9U 1980    47    64    76    89    62    79    87    68    92    97
SIT1H9U 1990   117   119    57    81    74    71    68    70    90    62
SIT1H9U 2000    78    57    47    68    55    40    53    39    21    68
SIT1H9U 2010    58    74    87    58    78    40   999

SIT2H7S 1936   204   282   249   217
SIT2H7S 1940   254   198   110   190   277   245   176   197   235   211
SIT2H7S 1950   162   166   248   236   113   280   281   274   238   249
SIT2H7S 1960   287   276   179   234   163   204    70   248   250   207
SIT2H7S 1970   250   230   286   266   204   187   229   110   200   191
SIT2H7S 1980   138   219   245   202   191   214   244   189   142   175
SIT2H7S 1990   230   306   182   209   169   167   122    74   113   100
SIT2H7S 2000   131   179    98   158    96   102   156    75    49   117
SIT2H7S 2010   125    94   160    80    85    48   999

SIT2H7U 1933   312   254   238   278   242   163   192
SIT2H7U 1940   176   105   156   220   183   146   156   211   166   129
SIT2H7U 1950   116   149   179   181    83   211   200   175   186   197
SIT2H7U 1960   170   178   163   193   119   163    49   123   262   135
SIT2H7U 1970   122   156   175   119    79   102   155    80   126   105
SIT2H7U 1980    88   138   126   140   110   113   113   113   134   149
SIT2H7U 1990   160   217   100   143   180   167   144   123   127   159
SIT2H7U 2000   123   134    66    91   119   115   127    81    45   119
SIT2H7U 2010    96    64    78    36    74    32   999

SIT2L3S 1937   266   294   236
SIT2L3S 1940   322   229   173   171   226   179   154   186   198   129
SIT2L3S 1950    93   112   204   115    47   157   157   148   151   110
SIT2L3S 1960   191   140   132   140    93   127    36   104   194   123
SIT2L3S 1970   187   161   202   157    83    87   195    85   125   142
SIT2L3S 1980    58   128   121   111    93   182   170   143   142   133
SIT2L3S 1990   129   148    69   125   105   120   137   119   186   109
SIT2L3S 2000   141   113    64   124    66    55    98    62    30   122
SIT2L3S 2010    79    72    68    39    53    23   999

SIT2L3U 1937   214   241   231
SIT2L3U 1940   295   216   168   182   205   201   174   186   225   163
SIT2L3U 1950    99   155   201   138    74   188   165   157   176   129
SIT2L3U 1960   193   155   153   150   121   157    53   144   226   180
SIT2L3U 1970   203   180   214   191   163    97   190   100   142   157
SIT2L3U 1980   104   155   157   180   176   256   216   178   180   167
SIT2L3U 1990   168   178    73   163   144   136   130   123   217   119
SIT2L3U 2000   161   120    75   124    58    40    84    47    30   109
SIT2L3U 2010    52    51    71    38    69    60   999

SIT2L5S 1949   269
SIT2L5S 1950   189   210   231   180   104   269   229   186   216   176
SIT2L5S 1960   106    91    91    95    72   123    64   123   176   155
SIT2L5S 1970   142   140   176   116    53    64   116    68   121   119
SIT2L5S 1980    68   148   125   119    72   146   140   129   123   127
SIT2L5S 1990   142   195    72   121   129   163   135   108   174   106
SIT2L5S 2000   168   123    64   112    68    81    81    42    25    81
SIT2L5S 2010    96    51    63    32    36    30   999

SIT2L5U 1949   262
SIT2L5U 1950   197   210   238   167   114   274   230   219   223   141
SIT2L5U 1960   100    97   105   112    72   125    60   126   138   108
SIT2L5U 1970   127   125   147   107    79    54   135    48   106   114
SIT2L5U 1980    77   101   112   118    94   172   152   104   124   111
SIT2L5U 1990   126   170    55   128   107   137   111    87   162    83
SIT2L5U 2000   115    86    44    98    81    59   113    49    36   104
SIT2L5U 2010    56    53    58    21    40    23   999

CHI1H3D 1933   636   434   391   338   314   469   480
CHI1H3D 1940   498   510   329   384   296   348   386   349   392   400
CHI1H3D 1950   335   248   222   157   124   157   103   139   154   195
CHI1H3D 1960   186   184   237   221   203   270   235   174   130   132
CHI1H3D 1970   135   142   161   146    94   177   160   183   219   311
CHI1H3D 1980   315   328   282   241   193   265   317   235   166   210
CHI1H3D 1990   236   284   296   256   154    66   295   368   425   546
CHI1H3D 2000   405   503   266   348   409   333   324   605   404   317
CHI1H3D 2010   419   393   418   451   506   584   999

CHI1H3S 1929   641
CHI1H3S 1930   714   585   575   544   362   513   370   478   450   271
CHI1H3S 1940   280   290   256   351   390   352   306   273   286   382
CHI1H3S 1950   331   198   232   177   172   202   141   142   155   185
CHI1H3S 1960   185   190   248   210   254   325   256   234   194   138
CHI1H3S 1970   186   171   142   221   161   230   151   185   207   276
CHI1H3S 1980   230   294   303   297   247   270   352   290   183   201
CHI1H3S 1990   209   236   242   200   141    34   257   355   475   729
CHI1H3S 2000   596   423   313   364   474   433   329   655   619   481
CHI1H3S 2010   477   424   524   632   701   597   999

CHI1H5S 1948   196   145
CHI1H5S 1950   172   143   144   126   128   144   109   153   136   122
CHI1H5S 1960    77   105   114    79    75    85    84    92    98    76
CHI1H5S 1970    65    53    37    38    24    58    54    70    59    94
CHI1H5S 1980    80   105    97    97    78    78   101    67    62    60
CHI1H5S 1990    51    79    77    45    26   103    99   112    96   120
CHI1H5S 2000    53    90    38    76   116    99    17   113   133   199
CHI1H5S 2010   101    92    82   109   126   186   999

CHI1H7D 1905   193   125   124   112   116
CHI1H7D 1910    76    93    55    93   125   112   112    83   112   112
CHI1H7D 1920   121   133   129   133   149   119   111   121    87   100
CHI1H7D 1930   134   117   136   159    82   129   108   124   115    96
CHI1H7D 1940   103   123    79    64    55    57    66    54    68   118
CHI1H7D 1950    82    60    80    80    55    66    34    66    75    86
CHI1H7D 1960    71    69   135   106    93   113   119   105   103    78
CHI1H7D 1970    71    41    67    71    28   109    74    90   106    94
CHI1H7D 1980    97    86   125    94    98   113    93    78    49    60
CHI1H7D 1990    42    74    76    80    68   132    69    76   102    72
CHI1H7D 2000    43    58    21    56    62    59    14   123    79   109
CHI1H7D 2010    69    53    58    54    26    97   999

CHI1H9S 1933   112    63    61    62    72    71    58
CHI1H9S 1940    35    44    40    34    41    28    19    22    36    60
CHI1H9S 1950    50    48    62    67    65    70    42    85    71    73
CHI1H9S 1960    63    66    69    58    56    73    74    71   119   110
CHI1H9S 1970    76    74    89   110    53   105    85    91   136   176
CHI1H9S 1980   130   131   170   170   155   169   214   178   189   144
CHI1H9S 1990   180   205   195   116    91   203   195   191   301   365
CHI1H9S 2000   198   309   147   216   219   172    64   264   366   497
CHI1H9S 2010   331   136   300   362   261   524   999

CHI1L1U 1939   161
CHI1L1U 1940   220   297   239   319   318   226   265   183   217   319
CHI1L1U 1950   227   193   197   184   140   100    87   113   131   172
CHI1L1U 1960   123   155   195   218   154   174   193   197   167   172
CHI1L1U 1970   208   183   161   212    91   186   126   170   147   178
CHI1L1U 1980   181   172   135   155   120   141   144   137   187    81
CHI1L1U 1990   137   130   108    70    54   177   344   577   643   448
CHI1L1U 2000   225   245    73    75    79    58    40    75    52    66
CHI1L1U 2010    53    41    43    49    58    95   999

CHI1L5S 1955   161   165   166   208   225
CHI1L5S 1960   178   160   214   242   207   226   192   189   159   236
CHI1L5S 1970   242   153   178   197    81   155   140   165   160   199
CHI1L5S 1980   173   189   220   202   192   200   258   170   149    94
CHI1L5S 1990    81   121   164   106    65    64    62    72    86   108
CHI1L5S 2000    54    49    23    34    52    47    30    44    52    61
CHI1L5S 2010    41    47    57    64    64    85   999

CHI1L5U 1945   195   180   153   164   218
CHI1L5U 1950   208   139   146   135    57   117   112   144   197   202
CHI1L5U 1960   187   167   205   205   195   236   189   183   176   180
CHI1L5U 1970   214   123   147   192    74   119    92    98    99   109
CHI1L5U 1980   109   122   144   125   143   133   167   129    91    54
CHI1L5U 1990    48    51    61    46    44    53    46    57    62    76
CHI1L5U 2000    35    45    28    33    61    56    43    60    35    33
CHI1L5U 2010    16    19    23    46    26    29   999

CHI1L7D 1947   250   249   381
CHI1L7D 1950   332   215   278   130   183   170    74   177   213   232
CHI1L7D 1960   174   176   219   238   243   283   269   187   213   223
CHI1L7D 1970   239   164   178   189   121   243   153   183   164   208
CHI1L7D 1980   250   225   215   203   190   191   239   193   118    86
CHI1L7D 1990    81   148   147   161    96   190   105   111   141   172
CHI1L7D 2000   134   168   123   128   190   228    68   276   326   332
CHI1L7D 2010   266   270   248   280   253   408   999

CHI1H1U 1932   151   122    92    37    81    88    78    65
CHI1H1U 1940    43    35    52    59    33    39    25    27    22    67
CHI1H1U 1950    56    51    77    24    14    18    20    27    30    49
CHI1H1U 1960    25    23    28    26    40    51    54    74    61    36
CHI1H1U 1970    57    58    55    65    39    96    79    80   101   127
CHI1H1U 1980   103   143   105   111   134   118   126   107   102    62
CHI1H1U 1990    68    93   101    59    66    92   173   388   587   305
CHI1H1U 2000   379    89    47   169   184   154    31   115   445   871
CHI1H1U 2010   789   717   700   548   703   779   999

CHI1H7S 1930   107   147   160    98   113   106    89    96    86    96
CHI1H7S 1940   106    77    59    58    43    52    39    58    58    85
CHI1H7S 1950    74    64    82    65    65    51    24    90    74    88
CHI1H7S 1960    68    49   121    99    68    75    78    81    87    63
CHI1H7S 1970    62    49    48    75    34    81    64    76    73    83
CHI1H7S 1980    74    72    70    88    80    92    96    80    47    44
CHI1H7S 1990    52    68    76    64    78   119    86    84   127    90
CHI1H7S 2000    43    62    28    73    55    98    30   197   251   217
CHI1H7S 2010   229   104   112    86    51   126   999

CHI1L9D 1961   214   236   225   210   193   197   298   203   253
CHI1L9D 1970   256   181   120   159   108   144   155   172   199   240
CHI1L9D 1980   248   279   230    87    86    69   123   122   140    94
CHI1L9D 1990   101   114   170   161   143   219   264   280   230   221
CHI1L9D 2000   118   135    90   100   147   155   171   303   232   226
CHI1L9D 2010   149    90    36    70   155   372   999


























